Aptitud 		|X1 			|X2 			|X3 			|X4 			|X5
------------------------|-----------------------|-----------------------|-----------------------|-----------------------|-----------------------
Corrida No. 1
401.64010291 	| 57.5703125 		| 1.125 		| 18.96484375 		| 14.8984375 		| 14.8046875
1098.21783672 	| 52.6796875 		| 1.234375 		| 13.2421875 		| 25.5859375 		| 25.19921875
9051.20951471 	| 28.0546875 		| 2.2421875 		| 33.00390625 		| 14.2734375 		| 14.8125
817.408294526 	| 49.0078125 		| 1.546875 		| 7.953125 		| 13.55859375 		| 13.2421875
10661.5779993 	| 16.3359375 		| 2.953125 		| 23.875 		| 5.1171875 		| 5.265625
12589.5388822 	| 14.79296875 		| 2.2421875 		| 33.00390625 		| 14.2734375 		| 14.8125
24202.4740908 	| 40.73828125 		| 1.00390625 		| 16.1328125 		| 31.015625 		| 31.484375
24250.2847237 	| 14.16015625 		| 2.34375 		| 16.41015625 		| 29.8515625 		| 29.40234375
30048.6057353 	| 8.6875 		| 1.65625 		| 59.80859375 		| 6.578125 		| 6.94921875
32310.5877251 	| 1.91796875 		| 3.01953125 		| 20.46875 		| 12.37890625 		| 12.09765625
32583.4646543 	| 3.62109375 		| 3.0234375 		| 22.75390625 		| 57.0078125 		| 57.3359375
33909.9697547 	| 0.03515625 		| 20.37109375 		| 12.421875 		| 17.3828125 		| 17.02734375
34009.1394971 	| 4.890625 		| 2.23828125 		| 45.234375 		| 46.92578125 		| 46.953125
34052.1650722 	| 10.2734375 		| 3.52734375 		| 20.46875 		| 12.37890625 		| 12.09765625
35143.5792899 	| 4.5859375 		| 1.140625 		| 13.7734375 		| 39.9765625 		| 39.3203125
35950.4125738 	| 5.25 		| 0.45703125 		| 34.41796875 		| 48.41796875 		| 48.1171875
35389.9440897 	| 6.515625 		| 0.45703125 		| 48.80078125 		| 56.71875 		| 56.3515625
35535.9990285 	| 16.11328125 		| 0.17578125 		| 551.1796875 		| 51.80859375 		| 51.9453125
35563.1571965 	| 3.13671875 		| 2.52734375 		| 54.4375 		| 45.53515625 		| 45.57421875
35683.134589 	| 4.03515625 		| 1.4453125 		| 58.12890625 		| 55.265625 		| 55.109375


Corrida No. 2
50.6897057898 	| 50.5546875 		| 1.3203125 		| 41.39453125 		| 21.49609375 		| 21.98046875
2463.98250037 	| 36.87109375 		| 1.88671875 		| 17.93359375 		| 21.41015625 		| 21.98046875
8395.39598058 	| 22.0546875 		| 1.7578125 		| 37.91015625 		| 26.08984375 		| 26.796875
16647.2893954 	| 9.39453125 		| 3.234375 		| 14.01953125 		| 26.28515625 		| 26.796875
20228.4327126 	| 23.34375 		| 3.17578125 		| 20.12109375 		| 24.73046875 		| 24.86328125
18969.8053425 	| 33.0703125 		| 1.1953125 		| 546.1875 		| 25.40234375 		| 25.34375
28177.9686063 	| 5.84765625 		| 2.38671875 		| 9.49609375 		| 4.14453125 		| 4.82421875
30654.5850924 	| 8.16015625 		| 1.3046875 		| 2.171875 		| 549.17578125 		| 553.88671875
31957.2812452 	| 11.10546875 		| 2.109375 		| 46.44921875 		| 568.0546875 		| 569.1796875
32631.7135324 	| 8.69921875 		| 1.56640625 		| 51.3203125 		| 46.2890625 		| 46.24609375
283.616696129 	| 47.671875 		| 1.3203125 		| 48.9921875 		| 6.984375 		| 6.69140625
33646.5796079 	| 9.3671875 		| 1.875 		| 17.93359375 		| 53.5546875 		| 53.66015625
33931.4946654 	| 3.7578125 		| 2.7421875 		| 29.58203125 		| 33.1171875 		| 33.015625
34738.3054219 	| 3.38671875 		| 1.08984375 		| 30.84375 		| 39.1015625 		| 39.69921875
35119.3180531 	| 4.640625 		| 1.34765625 		| 25.78515625 		| 52.62109375 		| 52.30078125
35275.1654255 	| 8.984375 		| 1.2734375 		| 547.55859375 		| 33.91796875 		| 33.75
35433.5928595 	| 7.36328125 		| 0.10546875 		| 7.71484375 		| 10.7890625 		| 10.9296875
35560.2520314 	| 6.78515625 		| 1.9375 		| 22.80078125 		| 569.8125 		| 572.8359375
35317.6571035 	| 2.6171875 		| 1.48828125 		| 41.296875 		| 569.0390625 		| 568.37109375
35602.0392077 	| 5.76171875 		| 0.31640625 		| 55.24609375 		| 42.80859375 		| 42.37109375


Corrida No. 3
195.355447024 	| 54.72265625 		| 1.234375 		| 28.61328125 		| 26.2890625 		| 26.890625
757.804419127 	| 40.89453125 		| 1.56640625 		| 15.25390625 		| 23.015625 		| 23.48828125
11415.4900708 	| 31.125 		| 2.02734375 		| 28.46875 		| 13.9140625 		| 13.97265625
15964.6696487 	| 11.3671875 		| 3.1328125 		| 13.18359375 		| 13.1484375 		| 13.7734375
19760.0124417 	| 15.5390625 		| 1.1171875 		| 7.1640625 		| 28.8828125 		| 28.89453125
24666.738526 	| 8.18359375 		| 3.08203125 		| 28.63671875 		| 17.859375 		| 17.421875
25294.270129 	| 11.46484375 		| 1.61328125 		| 40.0234375 		| 11.29296875 		| 11.27734375
28218.3009261 	| 8.578125 		| 1.48046875 		| 35.2109375 		| 29.1953125 		| 29.97265625
31757.3426382 	| 12.19140625 		| 1.796875 		| 45.54296875 		| 14.43359375 		| 14.6953125
31961.0909883 	| 2.5 		| 1.77734375 		| 17.51171875 		| 17.35546875 		| 17.2890625
33118.2584547 	| 7.70703125 		| 2.09765625 		| 27.6015625 		| 42.7265625 		| 42.9609375
33692.1531345 	| 2.00390625 		| 2.625 		| 31.390625 		| 2.44921875 		| 2.3359375
34085.3987232 	| 1.83203125 		| 3.4375 		| 53.61328125 		| 10.6484375 		| 10.25390625
34483.0105121 	| 4.0390625 		| 2.53125 		| 8.921875 		| 57.91796875 		| 57.6796875
35185.2595142 	| 1.9921875 		| 4.9296875 		| 31.390625 		| 2.48046875 		| 2.3359375
35370.1131447 	| 6.3125 		| 1.4140625 		| 17.046875 		| 59.83984375 		| 59.26171875
35381.6854827 	| 1.6171875 		| 1.71484375 		| 33.99609375 		| 57.6953125 		| 57.19140625
35538.2180159 	| 0.140625 		| 6.046875 		| 35.46875 		| 12.33203125 		| 12.77734375
35641.4506265 	| 9.56640625 		| 1.0625 		| 46.87109375 		| 50.984375 		| 50.1015625
34290.7712629 	| 11.87890625 		| 0.421875 		| 551.56640625 		| 58.06640625 		| 58.24609375


Corrida No. 4
