Aptitud 		|X1 			|X2
------------------------|-----------------------|-----------------------
Corrida No. 1
-0.573951907976 	| 25.375 		| -23.1875
-0.546141720606 	| -34.375 		| 27.1875
-0.50451306053 	| 9.5625 		| 45.0
-0.50722276954 	| -62.8125 		| -54.3125
-0.505752552138 	| 44.8125 		| 47.125


Corrida No. 2
-0.559311719667 	| 22.6875 		| 31.9375
-0.511925448258 	| -16.3125 		| -63.1875
-0.50834805671 	| 21.6875 		| 58.4375
-0.505021559189 	| -16.25 		| -58.375
-0.501271190555 	| 36.25 		| -60.75


Corrida No. 3
-0.525971177647 	| -3.9375 		| 57.1875
-0.521088298437 	| -56.3125 		| -5.9375
-0.507310741155 	| 57.25 		| 57.5
-0.505400960527 	| -54.875 		| -57.6875
-0.504874128863 	| 57.75 		| 59.3125


Corrida No. 4
-0.536118531869 	| 32.0625 		| 40.3125
-0.537936583653 	| -43.0625 		| 23.0
-0.507900769054 	| 28.25 		| -33.9375
-0.502269684302 	| 60.1875 		| 31.9375
-0.503794539766 	| -34.8125 		| -57.4375


Corrida No. 5
-0.506878442224 	| 42.75 		| 27.0625
-0.511333428376 	| 59.75 		| 44.5
-0.509246728967 	| 44.25 		| -47.3125
-0.505814836322 	| -55.0625 		| 49.8125
-0.5057887645 	| 57.5 		| 54.5625


Corrida No. 6
-0.521473858985 	| 12.125 		| 56.875
-0.518574908266 	| 28.875 		| -57.0625
-0.50875090077 	| 9.25 		| -48.625
-0.506215033377 	| -8.25 		| 41.5
-0.505986072371 	| -43.875 		| 37.5625


Corrida No. 7
-0.533037773475 	| 34.1875 		| -39.75
-0.536171112517 	| -22.375 		| 46.4375
-0.509340033367 	| 47.75 		| -61.0625
-0.507468539807 	| 29.9375 		| -59.6875
-0.501668383722 	| 25.9375 		| -61.3125


Corrida No. 8
-0.543846895199 	| -25.1875 		| 34.375
-0.532907710592 	| -4.3125 		| 53.4375
-0.508834816149 	| -59.125 		| -52.8125
-0.50712834708 	| -50.0625 		| 61.3125
-0.505568577012 	| 61.875 		| -55.1875


Corrida No. 9
-0.553390867233 	| -38.875 		| 9.6875
-0.520389970663 	| -25.8125 		| 56.75
-0.508766778715 	| -49.0625 		| 63.9375
-0.502772222981 	| -51.5 		| 62.4375
-0.50615979641 	| -63.1875 		| 62.8125


Corrida No. 10
-0.534460441014 	| 8.5625 		| 51.6875
-0.514683179788 	| -21.5 		| 61.125
-0.509470335744 	| 63.375 		| -37.625
-0.506857322606 	| 59.9375 		| -56.3125
-0.502838676511 	| 54.5 		| 56.5


Corrida No. 11
-0.536446580357 	| 20.25 		| 44.6875
-0.511827903435 	| -51.9375 		| 40.9375
-0.507436008351 	| 53.6875 		| 58.6875
-0.506973033282 	| -60.4375 		| -60.75
-0.502435837581 	| 62.25 		| -54.625


Corrida No. 12
-0.539905079309 	| 44.375 		| 20.875
-0.526075787022 	| -9.0 		| 55.5625
-0.509194248112 	| -42.125 		| 60.9375
-0.507465858914 	| -62.5625 		| 6.4375
-0.50592112477 	| 60.25 		| 59.625


Corrida No. 13
-0.560428900894 	| 7.1875 		| -38.4375
-0.515648714403 	| 0.625 		| 26.5625
-0.508689970638 	| -59.625 		| -53.3125
-0.506788766185 	| 57.0625 		| -62.875
-0.504976386736 	| -60.0 		| -57.5625


Corrida No. 14
-0.554648382761 	| 11.5 		| 31.625
-0.508765063575 	| -45.25 		| -63.0625
-0.507976016436 	| -61.25 		| 56.25
-0.506325216696 	| -62.875 		| -62.75
-0.505171556255 	| -1.75 		| 44.75


Corrida No. 15
-0.548021486971 	| -3.75 		| -46.4375
-0.519487876814 	| 48.25 		| 40.5
-0.508622603857 	| -51.625 		| 45.0
-0.506455871897 	| -45.0625 		| 11.75
-0.503683414156 	| 46.9375 		| -62.0


Corrida No. 16
-0.54086874936 	| 45.8125 		| -17.8125
-0.524071760504 	| 2.625 		| -58.0625
-0.505542619973 	| -58.6875 		| 61.25
-0.507429154456 	| -50.75 		| 63.875
-0.505075888603 	| -59.5625 		| 52.9375


Corrida No. 17
-0.554638266326 	| -4.125 		| -44.75
-0.518160451316 	| 40.625 		| -37.8125
-0.508322518184 	| -62.0625 		| 53.5
-0.506562766841 	| 62.25 		| -47.8125
-0.505662463708 	| -45.375 		| 48.25


Corrida No. 18
-0.528344671202 	| 40.0 		| -40.0
-0.523296050493 	| 13.125 		| 30.8125
-0.508658425001 	| -62.3125 		| -8.25
-0.506831238302 	| 60.5 		| 61.375
-0.507358200549 	| -58.5 		| -61.125


Corrida No. 19
-0.548024066581 	| 26.25 		| 22.0
-0.515978316513 	| -5.9375 		| 62.625
-0.503901412056 	| -58.125 		| 60.8125
-0.506272112011 	| -45.8125 		| 55.75
-0.504789787877 	| 33.75 		| -62.5625


Corrida No. 20
-0.539902313787 	| -29.625 		| -40.625
-0.50605819754 	| -55.75 		| 60.5625
-0.507116266546 	| -56.375 		| -57.9375
-0.50635914055 	| 54.6875 		| -9.3125
-0.505403615531 	| 63.9375 		| -62.75


Corrida No. 21
-0.543155589791 	| -37.875 		| 17.9375
-0.522056890875 	| 0.75 		| -61.25
-0.507316562081 	| 52.25 		| 59.375
-0.506315195009 	| 63.3125 		| -62.3125
-0.506171296586 	| 63.25 		| 63.25


Corrida No. 22
-0.521556415757 	| -59.9375 		| -7.1875
-0.521145184688 	| 8.75 		| -22.125
-0.507708391699 	| 59.0625 		| -58.6875
-0.506319968425 	| -31.4375 		| 62.9375
-0.505783687608 	| 48.25 		| -58.0


Corrida No. 23
-0.546351370326 	| 38.25 		| 6.375
-0.51029906241 	| -54.4375 		| -54.0625
-0.508254419953 	| 53.125 		| 54.875
-0.504569731045 	| -59.625 		| 0.25
-0.504165449398 	| 62.125 		| 55.875


Corrida No. 24
-0.535003758827 	| 39.1875 		| -33.625
-0.523316376639 	| 40.625 		| -44.5
-0.50921615404 	| 58.75 		| -47.3125
-0.508449136965 	| -48.4375 		| -52.9375
-0.505058585585 	| -58.375 		| -56.1875


Corrida No. 25
-0.527854521584 	| 31.8125 		| -46.125
-0.512470461964 	| 58.625 		| 20.5
-0.508896336183 	| -49.3125 		| -49.0
-0.506350642009 	| -60.5 		| -41.125
-0.504949813316 	| -49.4375 		| -47.25


Corrida No. 26
-0.53138328062 	| 10.5 		| -45.875
-0.515069730668 	| -42.9375 		| -52.1875
-0.503299050898 	| -13.875 		| -62.5625
-0.506461188199 	| -62.4375 		| 62.4375
-0.505540537062 	| 45.8125 		| 50.3125


Corrida No. 27
-0.533238617593 	| 0.0625 		| -47.5
-0.514797424833 	| 42.5625 		| -21.875
-0.507530237686 	| 30.1875 		| -51.6875
-0.506161635209 	| -47.0 		| 40.125
-0.504072224346 	| -49.375 		| 1.3125


Corrida No. 28
-0.551084146463 	| -33.25 		| -21.6875
-0.51941678273 	| 37.25 		| -35.0
-0.508392688455 	| -59.375 		| -36.125
-0.50721453337 	| 41.3125 		| -62.0625
-0.505785535911 	| 53.5 		| 45.5625


Corrida No. 29
-0.54526874904 	| 16.625 		| -45.1875
-0.517143051194 	| -18.75 		| 57.125
-0.508462791362 	| 62.8125 		| 51.0
-0.507269492617 	| 63.625 		| -38.5625
-0.506007067159 	| 61.375 		| 60.8125


Corrida No. 30
-0.545019111122 	| 14.5625 		| -40.25
-0.514731904446 	| 12.25 		| 57.625
-0.504156002458 	| 53.9375 		| -54.0625
-0.506590905069 	| -60.25 		| -34.3125
-0.505901234073 	| -43.3125 		| 63.1875


