Aptitud 		|X1 			|X2 			|X3 			|X4
------------------------|-----------------------|-----------------------|-----------------------|-------------------
Corrida No. 1
0.0605033470076 	| 0.0078125 		| 0.015625 		| 0.0 		| 0.0
0.0605033470076 	| 0.0078125 		| 0.015625 		| 0.0 		| 0.0
0.0605033470076 	| 0.0078125 		| 0.015625 		| 0.0 		| 0.0
0.638024139875 	| 0.0078125 		| 0.046875 		| 0.03125 		| 0.0
0.638024139875 	| 0.0078125 		| 0.046875 		| 0.03125 		| 0.0


Corrida No. 2
0.39835399004 	| 0.03125 		| 0.03125 		| 0.0078125 		| 0.0
0.39835399004 	| 0.03125 		| 0.03125 		| 0.0078125 		| 0.0
0.39835399004 	| 0.03125 		| 0.03125 		| 0.0078125 		| 0.0
0.39835399004 	| 0.03125 		| 0.03125 		| 0.0078125 		| 0.0
0.49329725531 	| 0.046875 		| 0.0078125 		| 0.015625 		| 0.0


Corrida No. 3
0.205230231572 	| 0.0 		| 0.03125 		| 0.0078125 		| 0.0
0.205230231572 	| 0.0 		| 0.03125 		| 0.0078125 		| 0.0
0.205230231572 	| 0.0 		| 0.03125 		| 0.0078125 		| 0.0
0.746113728368 	| 0.0078125 		| 0.046875 		| 0.0390625 		| 0.0
0.205230231572 	| 0.0 		| 0.03125 		| 0.0078125 		| 0.0


Corrida No. 4
0.458394437622 	| 0.0234375 		| 0.015625 		| 0.0390625 		| 0.0
0.458394437622 	| 0.0234375 		| 0.015625 		| 0.0390625 		| 0.0
0.458394437622 	| 0.0234375 		| 0.015625 		| 0.0390625 		| 0.0
0.458394437622 	| 0.0234375 		| 0.015625 		| 0.0390625 		| 0.0
0.648053417834 	| 0.0546875 		| 0.015625 		| 0.0078125 		| 0.0


Corrida No. 5
0.0967937478061 	| 0.015625 		| 0.015625 		| 0.0 		| 0.0
0.0967937478061 	| 0.015625 		| 0.015625 		| 0.0 		| 0.0
0.0967937478061 	| 0.015625 		| 0.015625 		| 0.0 		| 0.0
0.0967937478061 	| 0.015625 		| 0.015625 		| 0.0 		| 0.0
0.541578125061 	| 0.0234375 		| 0.046875 		| 0.0 		| 0.0


Corrida No. 6
0.444900381407 	| 0.046875 		| 0.0078125 		| 0.0 		| 0.0
0.444900381407 	| 0.046875 		| 0.0078125 		| 0.0 		| 0.0
0.444900381407 	| 0.046875 		| 0.0078125 		| 0.0 		| 0.0
0.444900381407 	| 0.046875 		| 0.0078125 		| 0.0 		| 0.0
0.444900381407 	| 0.046875 		| 0.0078125 		| 0.0 		| 0.0


Corrida No. 7
0.120890689863 	| 0.0234375 		| 0.0 		| 0.0078125 		| 0.0
0.120890689863 	| 0.0234375 		| 0.0 		| 0.0078125 		| 0.0
0.120890689863 	| 0.0234375 		| 0.0 		| 0.0078125 		| 0.0
0.120890689863 	| 0.0234375 		| 0.0 		| 0.0078125 		| 0.0
0.529587656109 	| 0.046875 		| 0.015625 		| 0.015625 		| 0.0


Corrida No. 8
0.0605033470076 	| 0.015625 		| 0.0078125 		| 0.0 		| 0.0
0.0605033470076 	| 0.015625 		| 0.0078125 		| 0.0 		| 0.0
0.0605033470076 	| 0.015625 		| 0.0078125 		| 0.0 		| 0.0
0.625917666771 	| 0.046875 		| 0.0 		| 0.03125 		| 0.0
0.625917666771 	| 0.046875 		| 0.0 		| 0.03125 		| 0.0


Corrida No. 9
0.253627105475 	| 0.03125 		| 0.015625 		| 0.0078125 		| 0.0
0.253627105475 	| 0.03125 		| 0.015625 		| 0.0078125 		| 0.0
0.253627105475 	| 0.03125 		| 0.015625 		| 0.0078125 		| 0.0
0.542733979332 	| 0.015625 		| 0.03125 		| 0.0390625 		| 0.0
0.253627105475 	| 0.03125 		| 0.015625 		| 0.0078125 		| 0.0


Corrida No. 10
0.529587656109 	| 0.015625 		| 0.046875 		| 0.015625 		| 0.0
0.529587656109 	| 0.015625 		| 0.046875 		| 0.015625 		| 0.0
0.529587656109 	| 0.015625 		| 0.046875 		| 0.015625 		| 0.0
0.529587656109 	| 0.015625 		| 0.046875 		| 0.015625 		| 0.0
0.529587656109 	| 0.015625 		| 0.046875 		| 0.015625 		| 0.0


Corrida No. 11
0.587550070826 	| 0.0 		| 0.0546875 		| 0.0 		| 0.0
0.587550070826 	| 0.0 		| 0.0546875 		| 0.0 		| 0.0
0.587550070826 	| 0.0 		| 0.0546875 		| 0.0 		| 0.0
0.587550070826 	| 0.0 		| 0.0546875 		| 0.0 		| 0.0
0.587550070826 	| 0.0 		| 0.0546875 		| 0.0 		| 0.0


Corrida No. 12
0.861904672693 	| 0.015625 		| 0.015625 		| 0.0625 		| 0.0
0.861904672693 	| 0.015625 		| 0.015625 		| 0.0625 		| 0.0
0.861904672693 	| 0.015625 		| 0.015625 		| 0.0625 		| 0.0
0.861904672693 	| 0.015625 		| 0.015625 		| 0.0625 		| 0.0
1.34609169397 	| 0.015625 		| 0.9921875 		| 0.0390625 		| 0.0


Corrida No. 13
1.0121064731 	| 0.0 		| 0.0078125 		| 1.0 		| 0.0
1.0121064731 	| 0.0 		| 0.0078125 		| 1.0 		| 0.0
1.0121064731 	| 0.0 		| 0.0078125 		| 1.0 		| 0.0
1.0121064731 	| 0.0 		| 0.0078125 		| 1.0 		| 0.0
1.0121064731 	| 0.0 		| 0.0078125 		| 1.0 		| 0.0


Corrida No. 14
0.205230231572 	| 0.0 		| 0.03125 		| 0.0078125 		| 0.0
0.313319820065 	| 0.0 		| 0.0390625 		| 0.0078125 		| 0.0
0.398007094767 	| 0.015625 		| 0.0390625 		| 0.015625 		| 0.0
0.205230231572 	| 0.0 		| 0.03125 		| 0.0078125 		| 0.0
0.313319820065 	| 0.0 		| 0.0390625 		| 0.0078125 		| 0.0


Corrida No. 15
1.02555426343 	| 0.0078125 		| 0.015625 		| 0.0703125 		| 0.0
1.02555426343 	| 0.0078125 		| 0.015625 		| 0.0703125 		| 0.0
1.02555426343 	| 0.0078125 		| 0.015625 		| 0.0703125 		| 0.0
1.02555426343 	| 0.0078125 		| 0.015625 		| 0.0703125 		| 0.0
1.06701890011 	| 0.0234375 		| 0.03125 		| 0.0625 		| 0.0


Corrida No. 16
0.87769428971 	| 0.046875 		| 0.0078125 		| 0.046875 		| 0.0
0.87769428971 	| 0.046875 		| 0.0078125 		| 0.046875 		| 0.0
0.87769428971 	| 0.046875 		| 0.0078125 		| 0.046875 		| 0.0
0.87769428971 	| 0.046875 		| 0.0078125 		| 0.046875 		| 0.0
1.0277314731 	| 0.0 		| 1.0078125 		| 0.0 		| 0.0


Corrida No. 17
0.0121064731045 	| 0.0078125 		| 0.0 		| 0.0 		| 0.0
0.0605033470076 	| 0.0078125 		| 0.0 		| 0.015625 		| 0.0
0.0605033470076 	| 0.0078125 		| 0.0 		| 0.015625 		| 0.0
0.0726098201121 	| 0.015625 		| 0.0078125 		| 0.0078125 		| 0.0
0.0121064731045 	| 0.0078125 		| 0.0 		| 0.0 		| 0.0


Corrida No. 18
1.00858794621 	| 0.0078125 		| 0.9921875 		| 0.0 		| 0.0
1.00858794621 	| 0.0078125 		| 0.9921875 		| 0.0 		| 0.0
1.00858794621 	| 0.0078125 		| 0.9921875 		| 0.0 		| 0.0
1.00858794621 	| 0.0078125 		| 0.9921875 		| 0.0 		| 0.0
1.00858794621 	| 0.0078125 		| 0.9921875 		| 0.0 		| 0.0


Corrida No. 19
0.313319820065 	| 0.0390625 		| 0.0078125 		| 0.0 		| 0.0
0.313319820065 	| 0.0390625 		| 0.0078125 		| 0.0 		| 0.0
0.313319820065 	| 0.0390625 		| 0.0078125 		| 0.0 		| 0.0
0.313319820065 	| 0.0390625 		| 0.0078125 		| 0.0 		| 0.0
0.313319820065 	| 0.0390625 		| 0.0078125 		| 0.0 		| 0.0


Corrida No. 20
0.777217397992 	| 0.0625 		| 0.0 		| 0.0078125 		| 0.0
1.14015022091 	| 0.015625 		| 1.015625 		| 0.0078125 		| 0.0
1.11472114575 	| 0.0625 		| 0.015625 		| 0.0390625 		| 0.0
1.14015022091 	| 0.015625 		| 1.015625 		| 0.0078125 		| 0.0
0.777217397992 	| 0.0625 		| 0.0 		| 0.0078125 		| 0.0


Corrida No. 21
0.989263862631 	| 0.0078125 		| 0.0078125 		| 0.0703125 		| 0.0
0.989263862631 	| 0.0078125 		| 0.0078125 		| 0.0703125 		| 0.0
0.989263862631 	| 0.0078125 		| 0.0078125 		| 0.0703125 		| 0.0
0.989263862631 	| 0.0078125 		| 0.0078125 		| 0.0703125 		| 0.0
1.19312375847 	| 0.0 		| 0.03125 		| 0.0 		| 1.0


Corrida No. 22
0.32542629317 	| 0.0078125 		| 0.0078125 		| 0.0390625 		| 0.0
0.32542629317 	| 0.0078125 		| 0.0078125 		| 0.0390625 		| 0.0
0.32542629317 	| 0.0078125 		| 0.0078125 		| 0.0390625 		| 0.0
0.32542629317 	| 0.0078125 		| 0.0078125 		| 0.0390625 		| 0.0
0.32542629317 	| 0.0078125 		| 0.0078125 		| 0.0390625 		| 0.0


Corrida No. 23
0.782404129167 	| 0.046875 		| 0.0390625 		| 0.015625 		| 0.0
0.782404129167 	| 0.046875 		| 0.0390625 		| 0.015625 		| 0.0
0.782404129167 	| 0.046875 		| 0.0390625 		| 0.015625 		| 0.0
0.782404129167 	| 0.046875 		| 0.0390625 		| 0.015625 		| 0.0
0.977157389526 	| 0.0 		| 0.0078125 		| 0.0703125 		| 0.0


Corrida No. 24
0.349610220864 	| 0.0 		| 0.015625 		| 0.0390625 		| 0.0
0.349610220864 	| 0.0 		| 0.015625 		| 0.0390625 		| 0.0
0.349610220864 	| 0.0 		| 0.015625 		| 0.0390625 		| 0.0
0.349610220864 	| 0.0 		| 0.015625 		| 0.0390625 		| 0.0
0.349610220864 	| 0.0 		| 0.015625 		| 0.0390625 		| 0.0


Corrida No. 25
0.410692191985 	| 0.0234375 		| 0.03125 		| 0.0234375 		| 0.0
0.410692191985 	| 0.0234375 		| 0.03125 		| 0.0234375 		| 0.0
0.410692191985 	| 0.0234375 		| 0.03125 		| 0.0234375 		| 0.0
0.410692191985 	| 0.0234375 		| 0.03125 		| 0.0234375 		| 0.0
1.13062375847 	| 0.0 		| 0.96875 		| 0.0 		| 0.0


Corrida No. 26
0.157181090661 	| 0.0234375 		| 0.0 		| 0.015625 		| 0.0
0.157181090661 	| 0.0234375 		| 0.0 		| 0.015625 		| 0.0
0.157181090661 	| 0.0234375 		| 0.0 		| 0.015625 		| 0.0
0.157181090661 	| 0.0234375 		| 0.0 		| 0.015625 		| 0.0
0.301213346961 	| 0.0 		| 0.0 		| 0.0390625 		| 0.0


Corrida No. 27
0.542733979332 	| 0.015625 		| 0.0390625 		| 0.03125 		| 0.0
0.542733979332 	| 0.015625 		| 0.0390625 		| 0.03125 		| 0.0
0.542733979332 	| 0.015625 		| 0.0390625 		| 0.03125 		| 0.0
0.542733979332 	| 0.015625 		| 0.0390625 		| 0.03125 		| 0.0
0.542733979332 	| 0.015625 		| 0.0390625 		| 0.03125 		| 0.0


Corrida No. 28
0.506443578533 	| 0.03125 		| 0.0390625 		| 0.0078125 		| 0.0
0.506443578533 	| 0.03125 		| 0.0390625 		| 0.0078125 		| 0.0
0.506443578533 	| 0.03125 		| 0.0390625 		| 0.0078125 		| 0.0
0.506443578533 	| 0.03125 		| 0.0390625 		| 0.0078125 		| 0.0
0.589974998964 	| 0.015625 		| 0.0234375 		| 0.046875 		| 0.0


Corrida No. 29
0.922292015549 	| 0.015625 		| 0.0625 		| 0.0234375 		| 0.0
1.03522060222 	| 0.0390625 		| 0.0390625 		| 0.046875 		| 0.0
1.03522060222 	| 0.0390625 		| 0.0390625 		| 0.046875 		| 0.0
1.03522060222 	| 0.0390625 		| 0.0390625 		| 0.046875 		| 0.0
1.03522060222 	| 0.0390625 		| 0.0390625 		| 0.046875 		| 0.0


Corrida No. 30
0.789323871096 	| 0.0625 		| 0.0078125 		| 0.0078125 		| 0.0
0.789323871096 	| 0.0625 		| 0.0078125 		| 0.0078125 		| 0.0
0.789323871096 	| 0.0625 		| 0.0078125 		| 0.0078125 		| 0.0
1.05871157507 	| 0.03125 		| 0.046875 		| 0.046875 		| 0.0
0.789323871096 	| 0.0625 		| 0.0078125 		| 0.0078125 		| 0.0
