Aptitud 		|X1 			|X2
------------------------|-----------------------|-----------------------
Corrida No. 1
-0.998003873092 	| -31.970703125 		| -32.056640625
-0.998003873092 	| -31.970703125 		| -32.056640625
-0.998003873092 	| -31.970703125 		| -32.056640625
-0.998003873092 	| -31.970703125 		| -32.056640625
-0.998003873092 	| -31.970703125 		| -32.056640625


Corrida No. 2
-0.998033117672 	| -32.09765625 		| -31.8251953125
-0.998033117672 	| -32.09765625 		| -31.8251953125
-0.998033117672 	| -32.09765625 		| -31.8251953125
-0.998033117672 	| -32.09765625 		| -31.8251953125
-0.998033117672 	| -32.09765625 		| -31.8251953125


Corrida No. 3
-0.998004456271 	| -31.9091796875 		| -32.0625
-0.998004456271 	| -31.9091796875 		| -32.0625
-0.998004456271 	| -31.9091796875 		| -32.0625
-0.998004456271 	| -31.9091796875 		| -32.0625
-0.998004456271 	| -31.9091796875 		| -32.0625


Corrida No. 4
-0.998009801352 	| -31.865234375 		| -31.98828125
-0.998009801352 	| -31.865234375 		| -31.98828125
-0.998009801352 	| -31.865234375 		| -31.98828125
-0.998009801352 	| -31.865234375 		| -31.98828125
-0.998009801352 	| -31.865234375 		| -31.98828125


Corrida No. 5
-0.998003850869 	| -32.029296875 		| -31.9521484375
-0.998003850869 	| -32.029296875 		| -31.9521484375
-0.998003850869 	| -32.029296875 		| -31.9521484375
-0.998003850869 	| -32.029296875 		| -31.9521484375
-0.998003850869 	| -32.029296875 		| -31.9521484375


Corrida No. 6
-0.998003862897 	| -32.052734375 		| -32.02734375
-0.998003862897 	| -32.052734375 		| -32.02734375
-0.998003862897 	| -32.052734375 		| -32.02734375
-0.998003862897 	| -32.052734375 		| -32.02734375
-0.998003862897 	| -32.052734375 		| -32.02734375


Corrida No. 7
-0.998016365619 	| -32.0654296875 		| -31.84765625
-0.998016365619 	| -32.0654296875 		| -31.84765625
-0.998016365619 	| -32.0654296875 		| -31.84765625
-0.998016365619 	| -32.0654296875 		| -31.84765625
-0.998016365619 	| -32.0654296875 		| -31.84765625


Corrida No. 8
-0.99800484253 	| -31.9443359375 		| -32.099609375
-0.99800484253 	| -31.9443359375 		| -32.099609375
-0.99800484253 	| -31.9443359375 		| -32.099609375
-0.99800484253 	| -31.9443359375 		| -32.099609375
-0.99800484253 	| -31.9443359375 		| -32.099609375


Corrida No. 9
-0.998003950954 	| -31.982421875 		| -32.0693359375
-0.998003950954 	| -31.982421875 		| -32.0693359375
-0.998004512735 	| -31.966796875 		| -31.90625
-0.998003950954 	| -31.982421875 		| -32.0693359375
-0.998004512735 	| -31.966796875 		| -31.90625


Corrida No. 10
-0.998003838747 	| -32.01171875 		| -31.9853515625
-0.998003838747 	| -32.01171875 		| -31.9853515625
-0.998003838747 	| -32.01171875 		| -31.9853515625
-0.998003838747 	| -32.01171875 		| -31.9853515625
-0.998003838747 	| -32.01171875 		| -31.9853515625


Corrida No. 11
-0.998012210886 	| -31.90625 		| -31.859375
-0.998012210886 	| -31.90625 		| -31.859375
-0.998012210886 	| -31.90625 		| -31.859375
-0.998012210886 	| -31.90625 		| -31.859375
-0.998261772849 	| -32.251953125 		| -31.87890625


Corrida No. 12
-0.998005883332 	| -31.8916015625 		| -32.0869140625
-0.998005883332 	| -31.8916015625 		| -32.0869140625
-0.998005883332 	| -31.8916015625 		| -32.0869140625
-0.998005883332 	| -31.8916015625 		| -32.0869140625
-0.998005883332 	| -31.8916015625 		| -32.0869140625


Corrida No. 13
-0.998333054586 	| -32.111328125 		| -31.7373046875
-0.998333054586 	| -32.111328125 		| -31.7373046875
-0.998333054586 	| -32.111328125 		| -31.7373046875
-0.998333054586 	| -32.111328125 		| -31.7373046875
-0.998607570868 	| -32.2353515625 		| -31.724609375


Corrida No. 14
-0.998016827054 	| -32.0595703125 		| -32.1533203125
-0.998016827054 	| -32.0595703125 		| -32.1533203125
-0.998016827054 	| -32.0595703125 		| -32.1533203125
-0.998016827054 	| -32.0595703125 		| -32.1533203125
-0.998019449706 	| -31.96875 		| -31.841796875


Corrida No. 15
-0.998008204606 	| -32.126953125 		| -31.923828125
-0.998008204606 	| -32.126953125 		| -31.923828125
-0.998008204606 	| -32.126953125 		| -31.923828125
-0.998008204606 	| -32.126953125 		| -31.923828125
-0.998008204606 	| -32.126953125 		| -31.923828125


Corrida No. 16
-0.998004042125 	| -32.0419921875 		| -32.076171875
-0.998004364645 	| -32.08984375 		| -31.9794921875
-0.998004364645 	| -32.08984375 		| -31.9794921875
-0.998004364645 	| -32.08984375 		| -31.9794921875
-0.998004364645 	| -32.08984375 		| -31.9794921875


Corrida No. 17
-0.998003934206 	| -32.009765625 		| -32.0673828125
-0.998003934206 	| -32.009765625 		| -32.0673828125
-0.998003934206 	| -32.009765625 		| -32.0673828125
-0.998003934206 	| -32.009765625 		| -32.0673828125
-0.998003934206 	| -32.009765625 		| -32.0673828125


Corrida No. 18
-0.998004003531 	| -31.92578125 		| -32.0126953125
-0.998004003531 	| -31.92578125 		| -32.0126953125
-0.998044887711 	| -31.8271484375 		| -31.84375
-0.998044887711 	| -31.8271484375 		| -31.84375
-0.998168771603 	| -31.802734375 		| -32.2177734375


Corrida No. 19
-0.998004103303 	| -32.080078125 		| -31.986328125
-0.998004103303 	| -32.080078125 		| -31.986328125
-0.998004103303 	| -32.080078125 		| -31.986328125
-0.998004103303 	| -32.080078125 		| -31.986328125
-0.998004103303 	| -32.080078125 		| -31.986328125


Corrida No. 20
-0.998014166443 	| -31.8525390625 		| -31.9326171875
-0.998014166443 	| -31.8525390625 		| -31.9326171875
-0.998014166443 	| -31.8525390625 		| -31.9326171875
-0.998014166443 	| -31.8525390625 		| -31.9326171875
-0.998014166443 	| -31.8525390625 		| -31.9326171875


Corrida No. 21
-0.99800405351 	| -31.9228515625 		| -31.955078125
-0.99800405351 	| -31.9228515625 		| -31.955078125
-0.99800405351 	| -31.9228515625 		| -31.955078125
-0.99800405351 	| -31.9228515625 		| -31.955078125
-0.99800405351 	| -31.9228515625 		| -31.955078125


Corrida No. 22
-0.998003844198 	| -32.01171875 		| -31.95703125
-0.998003844198 	| -32.01171875 		| -31.95703125
-0.998003844198 	| -32.01171875 		| -31.95703125
-0.998003889718 	| -32.0048828125 		| -32.060546875
-0.998003889718 	| -32.0048828125 		| -32.060546875


Corrida No. 23
-0.998008053081 	| -32.1142578125 		| -31.8876953125
-0.998008053081 	| -32.1142578125 		| -31.8876953125
-0.998008053081 	| -32.1142578125 		| -31.8876953125
-0.998008053081 	| -32.1142578125 		| -31.8876953125
-0.99801199029 	| -32.1416015625 		| -31.9296875


Corrida No. 24
-0.998003899553 	| -31.986328125 		| -32.0625
-0.998003899553 	| -31.986328125 		| -32.0625
-0.998003899553 	| -31.986328125 		| -32.0625
-0.998003960848 	| -31.9716796875 		| -32.0703125
-0.998003960848 	| -31.9716796875 		| -32.0703125


Corrida No. 25
-0.998010950676 	| -32.138671875 		| -32.0537109375
-0.998010950676 	| -32.138671875 		| -32.0537109375
-0.998010950676 	| -32.138671875 		| -32.0537109375
-0.99801138189 	| -32.138671875 		| -31.912109375
-0.998010950676 	| -32.138671875 		| -32.0537109375


Corrida No. 26
-0.998003840143 	| -32.0087890625 		| -32.0263671875
-0.998003840143 	| -32.0087890625 		| -32.0263671875
-0.998003840143 	| -32.0087890625 		| -32.0263671875
-0.998003840143 	| -32.0087890625 		| -32.0263671875
-0.998004085713 	| -32.021484375 		| -32.0791015625


Corrida No. 27
-0.998003838713 	| -32.013671875 		| -31.98046875
-0.998003838713 	| -32.013671875 		| -31.98046875
-0.998003838713 	| -32.013671875 		| -31.98046875
-0.998003838713 	| -32.013671875 		| -31.98046875
-0.998003838713 	| -32.013671875 		| -31.98046875


Corrida No. 28
-0.998005290534 	| -32.1064453125 		| -31.9697265625
-0.998016781498 	| -32.01953125 		| -32.1533203125
-0.998007137437 	| -32.1220703125 		| -31.9716796875
-0.998016781498 	| -32.01953125 		| -32.1533203125
-0.998016781498 	| -32.01953125 		| -32.1533203125


Corrida No. 29
-0.998089164648 	| -31.7900390625 		| -32.0361328125
-0.998089164648 	| -31.7900390625 		| -32.0361328125
-0.99800862411 	| -31.8837890625 		| -32.115234375
-0.998089164648 	| -31.7900390625 		| -32.0361328125
-0.998865140161 	| -32.294921875 		| -31.7568359375


Corrida No. 30
-0.99800387611 	| -32.046875 		| -32.0537109375
-0.99800383982 	| -32.029296875 		| -31.974609375
-0.998003839913 	| -32.029296875 		| -31.97265625
-0.998003839069 	| -32.021484375 		| -31.974609375
-0.998003839913 	| -32.029296875 		| -31.97265625


