Aptitud 				|X1 					|X2 					|X3 					|X4 		
------------------------|-----------------------|-----------------------|-----------------------|-----------------------
Corrida No. 1
-51939.2412361 	| -113.0 		| 50490.0 		| 320.0 		| -325.0
-51769.4526742 	| 50490.0 		| -228.0 		| 56.0 		| 448.0
-43725.6199153 	| 94.0 		| 50193.0 		| 297.0 		| 475.0
-7921.36360655 	| 30.0 		| -360.0 		| -366.0 		| -49698.0
-7811.73156321 	| 265.0 		| 233.0 		| -44.0 		| -49698.0
-49868.7052561 	| 262.0 		| 50589.0 		| 465.0 		| -123.0
-2553.13106383 	| 329.0 		| 320.0 		| 123.0 		| 316.0
-2452.94357365 	| -379.0 		| -215.0 		| -455.0 		| -365.0
-2457.08921572 	| -481.0 		| 326.0 		| 123.0 		| -434.0
-2425.18558111 	| -429.0 		| 20.0 		| 96.0 		| 291.0


Corrida No. 2
-52515.8419342 	| 50490.0 		| -146.0 		| -218.0 		| -437.0
-17888.6135811 	| -176.0 		| -436.0 		| 242.0 		| 49896.0
-7195.4931367 	| 49797.0 		| -173.0 		| 305.0 		| 271.0
-2866.31352497 	| -392.0 		| -392.0 		| -420.0 		| -471.0
-2864.87420648 	| -402.0 		| -72.0 		| -423.0 		| -395.0
-2856.07699792 	| -426.0 		| -450.0 		| 343.0 		| -395.0
-2784.97560677 	| -396.0 		| -475.0 		| -402.0 		| 298.0
-2755.22086048 	| -426.0 		| -463.0 		| -389.0 		| -469.0
-48713.8404983 	| 485.0 		| 50292.0 		| 363.0 		| 119.0
-2766.89247308 	| -239.0 		| -394.0 		| 308.0 		| -410.0


Corrida No. 3
-51822.9428078 	| -389.0 		| 50490.0 		| -116.0 		| 438.0
-27317.8628337 	| 203.0 		| 49995.0 		| -483.0 		| 25.0
-27190.0786655 	| 203.0 		| 49995.0 		| -485.0 		| -491.0
-7826.42466043 	| -376.0 		| -49698.0 		| -494.0 		| -157.0
-43465.076403 	| -128.0 		| 50193.0 		| -37.0 		| 139.0
-7598.70938737 	| -280.0 		| -34.0 		| -49698.0 		| 111.0
-7578.35057524 	| 57.0 		| -49698.0 		| -494.0 		| -157.0
-7440.88965458 	| -120.0 		| 194.0 		| -49698.0 		| -355.0
-7229.06107933 	| 441.0 		| 458.0 		| -49698.0 		| 111.0
-7325.36970655 	| 289.0 		| -402.0 		| 349.0 		| 49797.0


Corrida No. 4
-17362.9239009 	| 49896.0 		| 225.0 		| 48.0 		| 118.0
-27591.8328235 	| 49995.0 		| 247.0 		| -1.0 		| -233.0
-51642.9916084 	| 50391.0 		| -363.0 		| -154.0 		| -75.0
-18565.5877343 	| -49599.0 		| -402.0 		| 427.0 		| -373.0
-2640.74306077 	| -226.0 		| -425.0 		| -354.0 		| -421.0
-2601.31162304 	| 284.0 		| 75.0 		| -423.0 		| 304.0
-2559.87322776 	| -28.0 		| -430.0 		| 142.0 		| -428.0
-2607.64262589 	| 286.0 		| -411.0 		| -7.0 		| -458.0
-2640.74306077 	| -226.0 		| -425.0 		| -354.0 		| -421.0
-2794.09685355 	| -183.0 		| -200.0 		| -408.0 		| -401.0


Corrida No. 5
-36650.0472898 	| -398.0 		| 37.0 		| 80.0 		| 50094.0
-9677.45788884 	| -50193.0 		| 50490.0 		| -128.0 		| 433.0
-3024.34520764 	| -433.0 		| 335.0 		| -437.0 		| -437.0
-2994.70363477 	| -441.0 		| -416.0 		| -402.0 		| 337.0
-2953.29245232 	| -433.0 		| -418.0 		| 493.0 		| -398.0
-2810.82207221 	| 305.0 		| -416.0 		| -402.0 		| -53.0
-2802.2213989 	| -443.0 		| -454.0 		| 271.0 		| 309.0
-51931.921983 	| -265.0 		| -167.0 		| 50490.0 		| 4.0
-2742.41061783 	| 305.0 		| -416.0 		| -402.0 		| -27.0
-26987.6288715 	| 49995.0 		| -304.0 		| -332.0 		| 246.0


Corrida No. 6
-52773.5329265 	| 318.0 		| -199.0 		| 50490.0 		| -387.0
-36578.3408217 	| -113.0 		| -252.0 		| -433.0 		| 50094.0
-18804.5627248 	| -49599.0 		| 289.0 		| -17.0 		| 344.0
-18669.3425294 	| -49599.0 		| 267.0 		| 240.0 		| -178.0
-18581.5115971 	| -49599.0 		| 352.0 		| -18.0 		| 263.0
-17988.9386335 	| -49599.0 		| 416.0 		| 465.0 		| -185.0
-17937.6962052 	| 49896.0 		| 156.0 		| -235.0 		| -418.0
-8074.02304436 	| -477.0 		| -385.0 		| 161.0 		| -49698.0
-48311.3521478 	| 11.0 		| 50292.0 		| 208.0 		| 470.0
-48589.409072 	| 305.0 		| 50292.0 		| 208.0 		| 468.0


Corrida No. 7
-43312.2525917 	| -112.0 		| 50193.0 		| -81.0 		| -117.0
-17842.4052612 	| 49896.0 		| -422.0 		| -353.0 		| 154.0
-7673.0390687 	| -258.0 		| 194.0 		| -199.0 		| -49698.0
-27840.8817148 	| -391.0 		| 49995.0 		| -446.0 		| 452.0
-6432.20605657 	| -331.0 		| 49797.0 		| -262.0 		| -181.0
-43185.4460678 	| 202.0 		| 363.0 		| 242.0 		| 50193.0
-7356.8673366 	| 453.0 		| -166.0 		| -49698.0 		| 469.0
-2743.45136363 	| -426.0 		| -416.0 		| -383.0 		| -33.0
-2758.35785194 	| 46.0 		| -402.0 		| -435.0 		| -447.0
-2611.88422887 	| -383.0 		| 173.0 		| -422.0 		| -399.0


Corrida No. 8
-52128.3785975 	| -431.0 		| 392.0 		| 31.0 		| 50490.0
-43860.9913946 	| 50193.0 		| -476.0 		| 128.0 		| -222.0
-36684.6394931 	| 15.0 		| -31.0 		| 50094.0 		| -401.0
-7215.44149868 	| -402.0 		| -355.0 		| -461.0 		| 49797.0
-36757.0223877 	| -78.0 		| 264.0 		| -383.0 		| 50094.0
-18412.4675316 	| -49599.0 		| -319.0 		| -197.0 		| -360.0
-50126.7703877 	| 251.0 		| 50589.0 		| 342.0 		| -258.0
-6609.48901582 	| 120.0 		| 49797.0 		| 410.0 		| -455.0
-3587.55162008 	| 50589.0 		| -50292.0 		| -451.0 		| -465.0
-2975.69687033 	| 50589.0 		| -50292.0 		| 330.0 		| 392.0


Corrida No. 9
-51959.9099102 	| 453.0 		| -71.0 		| 50490.0 		| 335.0
-43672.8590325 	| -246.0 		| -121.0 		| 50193.0 		| 311.0
-43640.6212929 	| 183.0 		| 5.0 		| 50193.0 		| 307.0
-2758.6893049 	| -435.0 		| 366.0 		| -403.0 		| -413.0
-2630.26405888 	| 302.0 		| -183.0 		| -403.0 		| -229.0
-2599.20837329 	| -412.0 		| -446.0 		| 221.0 		| -395.0
-2806.65529755 	| -412.0 		| -432.0 		| 119.0 		| -208.0
-2836.16988147 	| -412.0 		| -442.0 		| 253.0 		| -395.0
-17489.9351232 	| -282.0 		| 49896.0 		| 119.0 		| -208.0
-52086.7043343 	| -402.0 		| 396.0 		| 50490.0 		| -359.0


Corrida No. 10
-50307.3001373 	| -214.0 		| -63.0 		| 50589.0 		| -37.0
-2357.44808385 	| -455.0 		| -253.0 		| 488.0 		| -432.0
-17238.2907821 	| 49896.0 		| 420.0 		| 364.0 		| -392.0
-51776.8197854 	| 50391.0 		| -458.0 		| 109.0 		| 231.0
-2619.46158481 	| -435.0 		| -440.0 		| -372.0 		| 19.0
-2596.72681438 	| -378.0 		| -242.0 		| -394.0 		| -446.0
-2667.68377001 	| -229.0 		| -401.0 		| -399.0 		| 496.0
-2559.68915613 	| -67.0 		| -426.0 		| 310.0 		| -367.0
-2569.78444057 	| -384.0 		| 343.0 		| -434.0 		| -229.0
-17198.8924061 	| 380.0 		| -53.0 		| 51.0 		| 49896.0


Corrida No. 11
-50210.5834499 	| -363.0 		| -83.0 		| 488.0 		| 50589.0
-19273.8885113 	| 100.0 		| -49599.0 		| -416.0 		| -400.0
-49765.3742832 	| 50589.0 		| 214.0 		| -494.0 		| 13.0
-8339.00419098 	| -350.0 		| -49698.0 		| -433.0 		| 279.0
-7957.15864868 	| -49698.0 		| 357.0 		| 59.0 		| 289.0
-2599.86016514 	| -404.0 		| -404.0 		| -374.0 		| -32.0
-2584.63027662 	| 276.0 		| -400.0 		| -229.0 		| -204.0
-2692.67349176 	| -385.0 		| 303.0 		| -241.0 		| -432.0
-2599.86016514 	| -404.0 		| -404.0 		| -374.0 		| -32.0
-7829.37242539 	| -49698.0 		| 357.0 		| -327.0 		| -392.0


Corrida No. 12
-50182.7511048 	| 167.0 		| 50589.0 		| -204.0 		| -154.0
-17687.318518 	| 19.0 		| 327.0 		| -84.0 		| 49896.0
-48591.0761561 	| 50292.0 		| 478.0 		| -196.0 		| 211.0
-3026.62486117 	| -459.0 		| -405.0 		| 299.0 		| -424.0
-2938.70959617 	| 305.0 		| -405.0 		| 267.0 		| -424.0
-36268.6450921 	| 64.0 		| 370.0 		| 50094.0 		| -225.0
-2629.03359553 	| -414.0 		| -180.0 		| -414.0 		| -14.0
-2612.44131795 	| -54.0 		| -464.0 		| -408.0 		| 312.0
-2718.09484567 	| -416.0 		| 336.0 		| 131.0 		| -446.0
-18938.07168 	| 279.0 		| -450.0 		| -49599.0 		| 479.0


Corrida No. 13
-50654.1736486 	| 282.0 		| -446.0 		| 0.0 		| 50589.0
-18740.9943453 	| 326.0 		| 43.0 		| -49599.0 		| 143.0
-16909.8333003 	| 476.0 		| -118.0 		| 391.0 		| 49896.0
-3147.84539888 	| -454.0 		| -430.0 		| -408.0 		| -439.0
-6575.57009351 	| 330.0 		| -89.0 		| 459.0 		| 49797.0
-2686.22293688 	| -243.0 		| 274.0 		| -408.0 		| -439.0
-2598.22188989 	| -417.0 		| -184.0 		| -420.0 		| -103.0
-2493.30553838 	| -202.0 		| 322.0 		| -238.0 		| 308.0
-2530.53210066 	| 492.0 		| -460.0 		| -183.0 		| -440.0
-2597.83404788 	| -432.0 		| -378.0 		| 297.0 		| 91.0


Corrida No. 14
-51834.905631 	| 262.0 		| 50391.0 		| 333.0 		| 357.0
-18600.108318 	| -49599.0 		| 347.0 		| 358.0 		| 343.0
-18492.6678736 	| -49599.0 		| -236.0 		| 27.0 		| -99.0
-18348.7440759 	| -398.0 		| -49599.0 		| 427.0 		| -95.0
-18039.3220595 	| 398.0 		| -49599.0 		| 480.0 		| 41.0
-2677.24304598 	| -419.0 		| -444.0 		| 98.0 		| -375.0
-2751.52973862 	| 295.0 		| -445.0 		| -417.0 		| -482.0
-2677.24304598 	| -419.0 		| -444.0 		| 98.0 		| -375.0
-2772.0496398 	| 112.0 		| -418.0 		| 336.0 		| -412.0
-17326.3097585 	| -270.0 		| 142.0 		| 49896.0 		| 2.0


Corrida No. 15
-49979.2387069 	| -25.0 		| 50589.0 		| 62.0 		| -2.0
-18122.7555074 	| 386.0 		| 229.0 		| -49599.0 		| 107.0
-7916.71623739 	| 489.0 		| -49698.0 		| -170.0 		| 486.0
-7904.64533929 	| 30.0 		| -433.0 		| -49698.0 		| 456.0
-7646.00412387 	| 211.0 		| -49698.0 		| -171.0 		| 484.0
-7441.94126998 	| -49698.0 		| 388.0 		| -173.0 		| -132.0
-2600.53168599 	| -400.0 		| -444.0 		| 484.0 		| 331.0
-2614.4258414 	| -201.0 		| -63.0 		| -456.0 		| -432.0
-2670.46942473 	| -441.0 		| -205.0 		| -230.0 		| -390.0
-18797.9773863 	| 341.0 		| -359.0 		| -49599.0 		| -210.0


Corrida No. 16
-51794.2070956 	| 86.0 		| -258.0 		| -398.0 		| 50391.0
-7254.4333434 	| -395.0 		| 49797.0 		| 117.0 		| -193.0
-7225.16454588 	| -500.0 		| -49698.0 		| -102.0 		| -291.0
-2939.40484404 	| -405.0 		| 289.0 		| 301.0 		| 298.0
-2770.77638935 	| 314.0 		| -472.0 		| 304.0 		| -437.0
-2701.64383469 	| -104.0 		| -456.0 		| -428.0 		| -427.0
-2679.97048828 	| -440.0 		| -456.0 		| -431.0 		| 54.0
-2701.64383469 	| -104.0 		| -456.0 		| -428.0 		| -427.0
-2770.77638935 	| 314.0 		| -472.0 		| 304.0 		| -437.0
-2665.97694719 	| -223.0 		| -421.0 		| -420.0 		| -12.0


Corrida No. 17
-52316.2051149 	| -441.0 		| 50490.0 		| -114.0 		| -359.0
-36470.8644228 	| 269.0 		| 50094.0 		| -184.0 		| -500.0
-8005.67800426 	| -203.0 		| -250.0 		| -49698.0 		| 347.0
-6646.20328778 	| -213.0 		| 22.0 		| -334.0 		| 49797.0
-2806.4005039 	| -108.0 		| -418.0 		| -420.0 		| -438.0
-2667.90191911 	| 326.0 		| -191.0 		| -466.0 		| -407.0
-2690.0849055 	| 117.0 		| -411.0 		| 305.0 		| -465.0
-2754.7446918 	| 300.0 		| -209.0 		| -216.0 		| -434.0
-2756.62698235 	| -416.0 		| 289.0 		| -352.0 		| -418.0
-2683.55951486 	| -429.0 		| -427.0 		| -466.0 		| 1.0


Corrida No. 18
-52358.7988391 	| 50490.0 		| -380.0 		| -80.0 		| -363.0
-50027.3279402 	| 50589.0 		| -108.0 		| 490.0 		| 482.0
-27438.4616812 	| 368.0 		| 49995.0 		| -360.0 		| -358.0
-2715.06660194 	| -413.0 		| 287.0 		| 283.0 		| -474.0
-2681.64980078 	| -426.0 		| -417.0 		| -168.0 		| 114.0
-2671.19035757 	| -378.0 		| -417.0 		| -425.0 		| 55.0
-2620.45377458 	| -426.0 		| -415.0 		| 305.0 		| -271.0
-2621.67415114 	| -412.0 		| 308.0 		| 300.0 		| 60.0
-2678.61340332 	| -484.0 		| -455.0 		| -451.0 		| -421.0
-2741.6188865 	| 498.0 		| -226.0 		| -398.0 		| -429.0


Corrida No. 19
-52004.9587871 	| -188.0 		| 50391.0 		| 279.0 		| 254.0
-51217.8614665 	| -308.0 		| 164.0 		| 50391.0 		| -43.0
-18692.1611144 	| -71.0 		| -49599.0 		| -383.0 		| 239.0
-18571.4395532 	| -223.0 		| 14.0 		| -49599.0 		| -352.0
-8266.66657847 	| -368.0 		| -250.0 		| -423.0 		| -49698.0
-8079.49254653 	| -422.0 		| 161.0 		| 363.0 		| -49698.0
-2797.80111138 	| 149.0 		| -431.0 		| -403.0 		| 314.0
-2911.62285812 	| -407.0 		| -422.0 		| -424.0 		| 484.0
-2554.62076957 	| -368.0 		| -224.0 		| -419.0 		| 333.0
-2672.19276341 	| -426.0 		| -275.0 		| -412.0 		| -438.0


Corrida No. 20
-50122.4040197 	| 338.0 		| 56.0 		| 50589.0 		| -351.0
-36548.9930403 	| 39.0 		| -181.0 		| -476.0 		| 50094.0
-17256.1698685 	| -345.0 		| 74.0 		| -33.0 		| 49896.0
-6372.77198391 	| -374.0 		| 49797.0 		| 382.0 		| 219.0
-17487.2211756 	| 110.0 		| 49896.0 		| 81.0 		| -7.0
-2629.01907708 	| 306.0 		| 296.0 		| 336.0 		| 272.0
-2663.74168893 	| 139.0 		| 110.0 		| -429.0 		| -404.0
-2571.07314079 	| -484.0 		| -444.0 		| -448.0 		| 276.0
-2858.08704588 	| -434.0 		| 50.0 		| -409.0 		| -422.0
-2566.41394723 	| 301.0 		| -393.0 		| -163.0 		| 326.0


Corrida No. 21
-49931.3068802 	| -45.0 		| 50589.0 		| 36.0 		| 222.0
-19068.8145095 	| -467.0 		| 267.0 		| 299.0 		| -49599.0
-18574.1036344 	| 473.0 		| -49599.0 		| 340.0 		| -473.0
-17959.768834 	| 217.0 		| -49599.0 		| 444.0 		| 100.0
-52202.4586113 	| -396.0 		| -131.0 		| 50490.0 		| 78.0
-7659.67789726 	| -49698.0 		| 252.0 		| -67.0 		| 199.0
-7264.68519679 	| -49698.0 		| 239.0 		| -131.0 		| 391.0
-2806.05406946 	| 26.0 		| -449.0 		| -415.0 		| -441.0
-2685.29927311 	| -416.0 		| 486.0 		| 323.0 		| -392.0
-2618.680169 	| -454.0 		| -442.0 		| 319.0 		| -47.0


Corrida No. 22
-52069.7228986 	| 449.0 		| 50490.0 		| 322.0 		| 119.0
-51918.5663344 	| -488.0 		| 17.0 		| -413.0 		| 50391.0
-7750.31861332 	| 217.0 		| -49698.0 		| 500.0 		| 88.0
-6760.23889173 	| 377.0 		| 49797.0 		| -253.0 		| -408.0
-6475.43038974 	| 457.0 		| -98.0 		| -220.0 		| 49797.0
-6190.19329165 	| 100.0 		| 451.0 		| 49797.0 		| -499.0
-2808.64432327 	| -421.0 		| -416.0 		| -11.0 		| 305.0
-2752.72323571 	| 330.0 		| 285.0 		| -213.0 		| -427.0
-2755.33267845 	| 330.0 		| 285.0 		| -213.0 		| -417.0
-2685.96064842 	| -417.0 		| -461.0 		| -426.0 		| 75.0


Corrida No. 23
-50262.1671757 	| 50589.0 		| -451.0 		| 374.0 		| -238.0
-51958.5525753 	| -452.0 		| 4.0 		| 50391.0 		| 119.0
-36612.8982355 	| -478.0 		| 50094.0 		| -232.0 		| 262.0
-36612.8982355 	| -478.0 		| 50094.0 		| -232.0 		| 262.0
-6023.10354526 	| 49797.0 		| 195.0 		| 205.0 		| 198.0
-2684.77639753 	| -350.0 		| -409.0 		| 325.0 		| -421.0
-2682.70496984 	| -351.0 		| -409.0 		| 327.0 		| -421.0
-2789.37504017 	| -472.0 		| -421.0 		| -455.0 		| 311.0
-2602.10648412 	| -390.0 		| 276.0 		| -160.0 		| -436.0
-2260.19624011 	| -385.0 		| 90.0 		| -140.0 		| -410.0


Corrida No. 24
-52361.0114286 	| -405.0 		| -387.0 		| 50391.0 		| 497.0
-48432.0419989 	| -356.0 		| 50292.0 		| -268.0 		| 63.0
-17590.3814487 	| 206.0 		| -175.0 		| 49896.0 		| 285.0
-27772.3331615 	| 500.0 		| 49995.0 		| 283.0 		| 224.0
-7916.46367898 	| -454.0 		| 262.0 		| -281.0 		| -49698.0
-36079.5282613 	| -341.0 		| 50094.0 		| 208.0 		| 491.0
-2773.24670285 	| -372.0 		| 318.0 		| 285.0 		| -431.0
-2862.89975939 	| -388.0 		| -387.0 		| -417.0 		| -211.0
-3085.33244958 	| -448.0 		| -455.0 		| -438.0 		| -419.0
-2620.02177534 	| -415.0 		| -430.0 		| -422.0 		| -298.0


Corrida No. 25
-51746.7952535 	| 50490.0 		| 207.0 		| 376.0 		| -368.0
-44042.8197726 	| 497.0 		| -393.0 		| -237.0 		| 50193.0
-7963.01907108 	| -49698.0 		| 222.0 		| 85.0 		| -405.0
-49721.6416773 	| -143.0 		| -304.0 		| 50589.0 		| -79.0
-2656.88122363 	| 312.0 		| -206.0 		| -398.0 		| 264.0
-2656.88122363 	| 312.0 		| -206.0 		| -398.0 		| 264.0
-2836.51331812 	| 141.0 		| -438.0 		| 291.0 		| -410.0
-49266.9667849 	| 23.0 		| 50292.0 		| -217.0 		| -413.0
-2705.34009801 	| 283.0 		| -417.0 		| 122.0 		| -381.0
-2712.08289078 	| -390.0 		| -386.0 		| -426.0 		| -164.0


Corrida No. 26
-52009.6638418 	| 353.0 		| -117.0 		| -364.0 		| 50490.0
-28123.4848887 	| -116.0 		| 49995.0 		| -448.0 		| -419.0
-8013.12762873 	| -49698.0 		| -252.0 		| -394.0 		| -95.0
-7269.18113264 	| -267.0 		| -49698.0 		| 5.0 		| 449.0
-6436.10476109 	| -244.0 		| 329.0 		| 427.0 		| 49797.0
-7753.25065788 	| 136.0 		| 439.0 		| -456.0 		| -49698.0
-2773.37821723 	| -403.0 		| -441.0 		| 26.0 		| -393.0
-2697.37871672 	| 296.0 		| -397.0 		| 300.0 		| 144.0
-6176.35170165 	| -487.0 		| 464.0 		| 49797.0 		| -273.0
-18264.5437218 	| 346.0 		| -49599.0 		| 237.0 		| 215.0


Corrida No. 27
-50352.6252387 	| -209.0 		| -474.0 		| -354.0 		| 50589.0
-17894.6551349 	| -454.0 		| 492.0 		| 140.0 		| 49896.0
-6972.17425872 	| -184.0 		| 49797.0 		| -180.0 		| 146.0
-2688.93654377 	| 270.0 		| 315.0 		| 335.0 		| -403.0
-2560.79169216 	| -456.0 		| 312.0 		| -477.0 		| -383.0
-6758.81638037 	| -455.0 		| 403.0 		| 281.0 		| 49797.0
-7339.53920128 	| -49698.0 		| 412.0 		| 139.0 		| -344.0
-17691.1455648 	| -279.0 		| -427.0 		| -172.0 		| 49896.0
-18340.9960182 	| -426.0 		| -427.0 		| -172.0 		| 49896.0
-2667.64659096 	| -447.0 		| -456.0 		| -429.0 		| -250.0


Corrida No. 28
-51480.7319091 	| 50391.0 		| 269.0 		| 485.0 		| -323.0
-36068.8498759 	| 201.0 		| 70.0 		| 50094.0 		| -246.0
-7159.25547141 	| -44.0 		| -451.0 		| 49797.0 		| 328.0
-36638.528639 	| -166.0 		| 50094.0 		| -201.0 		| -61.0
-6685.50702091 	| 217.0 		| 95.0 		| 49797.0 		| 328.0
-2792.12203388 	| -200.0 		| 273.0 		| -401.0 		| -445.0
-2605.12303309 	| 344.0 		| 273.0 		| -463.0 		| -425.0
-2590.01074004 	| 281.0 		| -404.0 		| -126.0 		| -412.0
-2820.97253766 	| -445.0 		| -404.0 		| -355.0 		| -417.0
-2642.03470377 	| -432.0 		| -257.0 		| 324.0 		| -433.0


Corrida No. 29
-51885.5994132 	| 50391.0 		| 261.0 		| 275.0 		| -161.0
-7641.33718306 	| -49698.0 		| 217.0 		| -330.0 		| -386.0
-7501.87087803 	| -49698.0 		| 53.0 		| -376.0 		| 433.0
-2875.3738385 	| 304.0 		| 332.0 		| 309.0 		| -430.0
-2723.96922391 	| -224.0 		| 332.0 		| 309.0 		| -431.0
-6958.69308793 	| 49797.0 		| 298.0 		| 112.0 		| 73.0
-7046.50715811 	| 121.0 		| 311.0 		| 49797.0 		| -161.0
-7799.89067736 	| 120.0 		| -144.0 		| 12.0 		| -49698.0
-43772.5201467 	| 50193.0 		| -171.0 		| 326.0 		| -351.0
-50297.7648263 	| 50589.0 		| 251.0 		| 143.0 		| -177.0


Corrida No. 30
-48666.1179591 	| 20.0 		| -44.0 		| 50292.0 		| 84.0
-8122.36821213 	| -235.0 		| 484.0 		| 289.0 		| -49698.0
-7629.09021986 	| -92.0 		| 69.0 		| -49698.0 		| -150.0
-7404.62847264 	| -139.0 		| -314.0 		| -163.0 		| -49698.0
-2895.32316495 	| -365.0 		| -418.0 		| 294.0 		| -418.0
-2787.95173586 	| -396.0 		| 325.0 		| 291.0 		| -459.0
-2697.30817663 	| 273.0 		| -455.0 		| 323.0 		| 309.0
-2546.02278246 	| -222.0 		| -176.0 		| -202.0 		| -407.0
-7766.59545879 	| -49698.0 		| 253.0 		| -111.0 		| -68.0
-2759.09159845 	| -395.0 		| 283.0 		| -423.0 		| -237.0


