Aptitud 				|X1 		|X2
------------------------|-----------|-----------------------
Corrida No. 1

0.0 					| 0.0 		| 0.0
0.000499625249844 		| 0.5 		| 0.5
0.0019940159601 		| -1.0 		| -1.0
0.0019940159601 		| 1.0 		| 1.0
0.0 					| 0.0 		| 0.0

Corrida No. 2
0.0 	                | 0.0 		| 0.0
0.00790501385739 	    | 2.0 		| -2.0
0.0 	                | 0.0 		| 0.0
0.0 	                | 0.0 		| 0.0
0.0175723363452 	    | 0.5 		| 4.0


Corrida No. 3
0.0 					| 0.0 		| 0.0
0.000499625249844 		| 0.5 		| 0.5
0.0019940159601 		| -1.0 		| 1.0
0.0019940159601 		| -1.0 		| 1.0
0.00727911834089 		| 0.0 		| -2.5


Corrida No. 4
0.0 					| 0.0 		| 0.0
0.0 					| 0.0 		| 0.0
0.0 					| 0.0 		| 0.0
0.000499625249844 		| 0.5 		| 0.5
0.0614280324493 		| 0.0 		| 0.5


Corrida No. 5
0.0 					| 0.0 		| 0.0
0.0 					| 0.0 		| 0.0
0.000499625249844 		| 0.5 		| 0.5
0.0 					| 0.0 		| 0.0
0.00790501385739 		| 2.0 		| 2.0


Corrida No. 6
0.0 					| 0.0 		| 0.0
0.0 					| 0.0 		| 0.0
0.0 					| 0.0 		| 0.0
0.0 					| 0.0 		| 0.0
0.00727911834089 		| 0.0 		| -2.5


Corrida No. 7
0.0 					| 0.0 		| 0.0
0.0 					| 0.0 		| 0.0
0.0019940159601 		| 1.0 		| -1.0
0.00727911834089 		| 0.0 		| -2.5
0.0236281622456 		| -3.5 		| 3.5


Corrida No. 8
0.0 					| 0.0 		| 0.0
0.00446980623035 		| 1.5 		| 1.5
0.000499625249844 		| 0.5 		| 0.5
0.00446980623035 		| -1.5 		| 1.5
0.00446980623035 		| 1.5 		| 1.5


Corrida No. 9
0.0 					| 0.0 		| 0.0
0.0 					| 0.0 		| 0.0
0.00446980623035 		| -1.5 		| 1.5
0.0 					| 0.0 		| 0.0
0.0 					| 0.0 		| 0.0


Corrida No. 10
0.0 					| 0.0 		| 0.0
0.0 					| 0.0 		| 0.0
0.0 					| 0.0 		| 0.0
0.000499625249844 		| 0.5 		| 0.5
0.00727911834089 		| 0.0 		| 2.5


Corrida No. 11
0.0 					| 0.0 		| 0.0
0.0 					| 0.0 		| 0.0
0.0 					| 0.0 		| 0.0
0.0 					| 0.0 		| 0.0
0.0175723363452 		| 0.5 		| -4.0


Corrida No. 12
0.0 					| 0.0 		| 0.0
0.0 					| 0.0 		| 0.0
0.0 					| 0.0 		| 0.0
0.00446980623035 		| 1.5 		| 1.5
0.0236281622456 		| 3.5 		| 3.5


Corrida No. 13
0.0 					| 0.0 		| 0.0
0.0 					| 0.0 		| 0.0
0.0 					| 0.0 		| 0.0
0.00446980623035 		| -1.5 		| -1.5
0.0175723363452 		| -4.0 		| 0.5


Corrida No. 14
0.0 					| 0.0 		| 0.0
0.0 					| 0.0 		| 0.0
0.000499625249844 		| 0.5 		| 0.5
0.00446980623035 		| 1.5 		| -1.5
0.0019940159601 		| 1.0 		| -1.0


Corrida No. 15
0.0 					| 0.0 		| 0.0
0.0 					| 0.0 		| 0.0
0.000499625249844 		| 0.5 		| 0.5
0.00727911834089 		| 0.0 		| -2.5
0.0175723363452 		| -4.0 		| 0.5


Corrida No. 16
0.0 					| 0.0 		| 0.0
0.0 					| 0.0 		| 0.0
0.0 					| 0.0 		| 0.0
0.0 					| 0.0 		| 0.0
0.119766548848 			| -4.5 		| -8.0


Corrida No. 17
0.0 					| 0.0 		| 0.0
0.0 					| 0.0 		| 0.0
0.0 					| 0.0 		| 0.0
0.00790501385739 		| -2.0 		| -2.0
0.00727911834089 		| 0.0 		| -2.5


Corrida No. 18
0.0 					| 0.0 		| 0.0
0.0 					| 0.0 		| 0.0
0.0 					| 0.0 		| 0.0
0.00790501385739 		| -2.0 		| 2.0
0.000499625249844 		| 0.5 		| 0.5


Corrida No. 19
0.0 					| 0.0 		| 0.0
0.000499625249844 		| 0.5 		| 0.5
0.0019940159601 		| 1.0 		| 1.0
0.00446980623035 		| -1.5 		| -1.5
0.0019940159601 		| 1.0 		| 1.0


Corrida No. 20
0.0 					| 0.0 		| 0.0
0.0 					| 0.0 		| 0.0
0.000499625249844 		| 0.5 		| 0.5
0.0 					| 0.0 		| 0.0
0.00727911834089 		| -2.5 		| 0.0


Corrida No. 21
0.0 					| 0.0 		| 0.0
0.0 					| 0.0 		| 0.0
0.0019940159601 		| 1.0 		| -1.0
0.00446980623035 		| -1.5 		| 1.5
0.0175723363452 		| -4.0 		| 0.5


Corrida No. 22
0.0 					| 0.0 		| 0.0
0.000499625249844 		| 0.5 		| 0.5
0.0019940159601 		| -1.0 		| -1.0
0.0019940159601 		| -1.0 		| -1.0
0.0305270115979 		| 4.0 		| 4.0


Corrida No. 23
0.0 					| 0.0 		| 0.0
0.0 					| 0.0 		| 0.0
0.000499625249844 		| 0.5 		| 0.5
0.0 					| 0.0 		| 0.0
0.0175723363452 		| 0.5 		| 4.0


Corrida No. 24
0.0 					| 0.0 		| 0.0
0.000499625249844 		| 0.5 		| 0.5
0.0 					| 0.0 		| 0.0
0.0 					| 0.0 		| 0.0
0.0 					| 0.0 		| 0.0


Corrida No. 25
0.0 					| 0.0 		| 0.0
0.000499625249844 		| 0.5 		| 0.5
0.0 					| 0.0 		| 0.0
0.00727911834089 		| 2.5 		| 0.0
0.0175254071121 		| 3.0 		| -3.0


Corrida No. 26
0.0 					| 0.0 		| 0.0
0.0 					| 0.0 		| 0.0
0.000499625249844 		| 0.5 		| 0.5
0.0 					| 0.0 		| 0.0
0.00790501385739 		| -2.0 		| 2.0


Corrida No. 27
0.0 					| 0.0 		| 0.0
0.0 					| 0.0 		| 0.0
0.0 					| 0.0 		| 0.0
0.0246799402736 		| 2.0 		| 1.0
0.0534193754865 		| 6.0 		| 4.5


Corrida No. 28
0.0 					| 0.0 		| 0.0
0.0 					| 0.0 		| 0.0
0.000499625249844 		| 0.5 		| 0.5
0.0 					| 0.0 		| 0.0
0.00727911834089 		| 2.5 		| 0.0


Corrida No. 29
0.0 					| 0.0 		| 0.0
0.0 					| 0.0 		| 0.0
0.0 					| 0.0 		| 0.0
0.0 					| 0.0 		| 0.0
0.00790501385739 		| 2.0 		| 2.0


Corrida No. 30
0.0 					| 0.0 		| 0.0
0.0 					| 0.0 		| 0.0
0.000499625249844 		| 0.5 		| 0.5
0.00727911834089 		| -2.5 		| 0.0
0.00790501385739 		| -2.0 		| 2.0
