Aptitud		|X1			|X2
----------------|---------------|-----------------------
Corrida No. 1
-173.226086625 	| -7.0625		| -1.5
-58.5485599662 	| 5.0			| -1497.375
-40.1845329729 	| -1150.875		| 6.125
-41.4435082172 	| 4.1875		| 1299.375
-37.0964373992 	| 5.0			| 6.625


Corrida No. 2
-179.017925766 	| -7.75			| -7.125
-66.504394335 	| 5.0			| -1559.25
-43.2310908635 	| -6.375		| -8.25
-39.6450084682 	| -2.1875		| -7.75
-37.4765137223 	| -1.4375		| 1540.6875


Corrida No. 3
-185.866154301 	| -1126.125		| 5.5
-88.5309092075 	| -1559.25		| 1311.75
-53.5816082661 	| 4.3125		| -7.875
-37.3067358879 	| 1268.4375		| -2.625
-29.8521663503 	| 9.5			| -7.875


Corrida No. 4
-185.41437234 	| 5.5			| 4.875
-105.461917778 	| -1212.75		| -7.0625
-50.4734871828 	| 1225.125		| -1559.25
-92.8516948954 	| -7.1875		| 1225.125
-36.9562214154 	| -4.9375		| -7.6875


Corrida No. 5
-177.55062178 	| -1534.5		| -1163.25
-105.328713322 	| -1126.125		| 5.6875
-46.2691946251 	| -1466.4375	| -1163.25
-42.2266622173 	| 1002.375		| -7.6875
-28.4841243315 	| -1515.9375	| -1559.25


Corrida No. 6
-185.823969571 	| 1311.75		| 5.5
-163.063674867 	| -1163.25		| -7.625
-51.3445660438 	| -1.375		| -1.0625
-70.3524034039 	| 1317.9375		| -7.3125
-31.7216862318 	| -7.75			| 1534.5


Corrida No. 7
-184.595836106 	| -7.0625		| -1534.5
-82.9607036301 	| 6.125			| -7.25
-52.2863386325 	| 1262.25		| -1218.9375
-44.3859930005 	| 1280.8125		| -1.6875
-46.2470828367 	| -1528.3125	| 6.625


Corrida No. 8
-185.406320711 	| -7.0625		| -1.4375
-153.417356703 	| 1317.9375		| -1577.8125
-54.3646791244 	| -1503.5625	| -7.75
-44.5256617323 	| -1200.375		| 4.3125
-27.6821837865 	| 1.875			| 5.625


Corrida No. 9
-178.179988143 	| 1274.625		| 1311.75
-107.188585869 	| 5.0			| -6.9375
-49.4630007824 	| 5.625			| -1.1875
-35.3222882247 	| -1163.25		| 9.9375
-46.1672602143 	| -5.5			| -7.1875


Corrida No. 10
-184.734142152 	| -1126.125		| -1571.625
-141.429090434 	| -7.1875		| 1317.9375
-106.501794815 	| -7.0625		| 1237.5
-47.0493397472 	| -1.3125		| -6.8125
-63.3597539974 	| 0.0			| -7.125


Corrida No. 11
-184.595836106 	| -7.0625		| -1534.5
-91.9257654936 	| 5.0625		| 1268.4375
-66.5408722394 	| -1082.8125	| -1.4375
-40.7990081829 	| -1119.9375	| -1237.5
-68.7134528119 	| -1126.125		| 4.1875


Corrida No. 12
-183.791901284 	| -1534.5		| -1571.625
-101.430836034 	| 1237.5		| -1577.8125
-78.0153948795 	| 4.25			| -7.6875
-57.0457294153 	| 4.3125		| -7.5625
-34.0450802321 	| -7.625		| 7.625


Corrida No. 13
-179.456694366 	| 1268.4375		| 4.8125
-103.678783045 	| 1324.125		| -7.125
-67.4188646454 	| -6.625		| -1565.4375
-139.023349525 	| -1175.625		| 4.9375
-50.3238612514 	| 1169.4375		| -1169.4375


Corrida No. 14
-173.015643468 	| -1163.25		| -1.375
-124.624231835 	| -1534.5		| 5.3125
-80.9444594883 	| 1268.4375		| -6.625
-54.0330814748 	| -7.0625		| 0.8125
-40.687741025 	| -1.5			| -1020.9375


Corrida No. 15
-183.136853622 	| -7.6875		| 1268.4375
-88.5870041722 	| -7.875		| -7.25
-53.1219495352 	| 5.3125		| -6.3125
-42.2670922912 	| 1305.5625		| -3.0
-32.8385419897 	| -1367.4375	| -7.8125


Corrida No. 16
-180.076789935 	| -1169.4375	| -7.75
-101.060656792 	| -7.0			| -6.5625
-65.7688238776 	| -7.6875		| -1095.1875
-43.778328951 	| -1243.6875	| -1528.3125
-29.7427502285 	| -1522.125		| -5.875


Corrida No. 17
-184.598856141 	| -1571.625		| -1.4375
-106.009108441 	| 5.375			| -6.5
-104.873206612 	| -7.125		| 1237.5
-72.4652882944 	| -7.625		| 1348.875
-37.8432163989 	| -1119.9375	| -3.0625


Corrida No. 18
-179.323543929 	| -1169.4375	| 4.8125
-96.062832501 	| -1528.3125	| -6.875
-46.5375890513 	| -1534.5		| 1200.375
-40.687741025 	| -1.5			| -1020.9375
-27.9659019938 	| -1571.625		| -5.625


Corrida No. 19
-184.598856141 	| -1571.625		| -1.4375
-171.999067376 	| 5.5625		| -1534.5
-49.9448180786 	| 5.5			| 3.8125
-40.2276535604 	| 9.5			| -1.5
-64.3355103471 	| -1528.3125	| 4.1875


Corrida No. 20
-185.406320711 	| -1.4375		| -7.0625
-105.926315432 	| 6.0			| 5.4375
-56.6912250106 	| -7.1875		| 1218.9375
-72.6777098062 	| -1212.75		| -7.25
-52.5051805398 	| -5.4375		| 5.4375


Corrida No. 21
-185.091203957 	| -7.0625		| 4.875
-121.034166497 	| -1522.125		| -1577.8125
-73.0976703988 	| 4.9375		| -1089.0
-37.3377511769 	| 1311.75		| 1132.3125
-26.1946681061 	| -5.3125		| 5.625


Corrida No. 22
-185.500087281 	| -7.0625		| 1311.75
-136.858519839 	| -7.5625		| -7.0625
-55.3495009052 	| -1503.5625	| 4.875
-34.4493385889 	| 5.0			| -9.3125
-30.4869144444 	| -4.375		| -7.125


Corrida No. 23
-185.41437234 	| 5.5			| 4.875
-99.34961988 	| -1577.8125	| -6.375
-46.1153980247 	| -1.5			| 6.625
-41.3491321556 	| 1237.5		| -1.9375
-28.8779991498 	| -1119.9375	| 6.5


Corrida No. 24
-184.285111755 	| 4.875			| -1571.625
-103.887821792 	| -1163.25		| 6.0
-69.5645098055 	| 1311.75		| -8.375
-51.1388987838 	| 6.0625		| -1497.375
-45.8535294413 	| -1.4375		| 6.5625


Corrida No. 25
-184.285111755 	| 4.875			| -1571.625
-152.070948709 	| 1268.4375		| -1540.6875
-75.6821930316 	| -6.3125		| -1163.25
-56.170975111 	| 1268.4375		| -1194.1875
-37.6986338034 	| 9.0625		| -1169.4375


Corrida No. 26
-182.983989077 	| 1268.4375		| -1534.5
-91.5944605278 	| 5.375			| -1212.75
-96.0249270085 	| 4.9375		| -1.0
-47.5398099619 	| -1.4375		| 0.375
-37.0691180717 	| -7.5			| -8.25


Corrida No. 27
-132.119933764 	| 1262.25		| -7.8125
-91.9257654936 	| 1268.4375		| 5.0625
-49.5667072779 	| -1.3125		| 5.75
-45.0064115721 	| 5.4375		| -1051.875
-45.0064115721 	| 5.4375		| -1051.875


Corrida No. 28
-185.500087281 	| 1311.75		| -7.0625
-110.239058182 	| 1268.4375		| -1138.5
-64.4471906775 	| 4.8125		| -1095.1875
-51.2112819477 	| -6.5			| 5.25
-32.6757055693 	| -1126.125		| -2.875


Corrida No. 29
-184.734142152 	| -1126.125		| -1571.625
-105.571846419 	| 1237.5		| 1268.4375
-56.2402291507 	| -1132.3125	| -1150.875
-41.152302249 	| 7.1875		| 5.375
-35.2253231346 	| 4.5625		| 1274.625


Corrida No. 30
-183.791901284 	| -1534.5		| -1571.625
-89.0581482302 	| -7.5			| -1571.625
-72.1968616451 	| 4.625			| 5.375
-78.2500204458 	| -1.0			| 5.0
-36.4604788004 	| -1.375		| -1367.4375


