Aptitud 		|X1 			|X2 			|X3 			|X4 			|X5
------------------------|-----------------------|-----------------------|-----------------------|-----------------------|-----------------------
Corrida No. 1
401.64010291 	| 57.5703125 		| 1.125 		| 18.96484375 		| 14.8984375 		| 14.8046875
1098.21783672 	| 52.6796875 		| 1.234375 		| 13.2421875 		| 25.5859375 		| 25.19921875
9051.20951471 	| 28.0546875 		| 2.2421875 		| 33.00390625 		| 14.2734375 		| 14.8125
817.408294526 	| 49.0078125 		| 1.546875 		| 7.953125 		| 13.55859375 		| 13.2421875
10661.5779993 	| 16.3359375 		| 2.953125 		| 23.875 		| 5.1171875 		| 5.265625
12589.5388822 	| 14.79296875 		| 2.2421875 		| 33.00390625 		| 14.2734375 		| 14.8125
24202.4740908 	| 40.73828125 		| 1.00390625 		| 16.1328125 		| 31.015625 		| 31.484375
24250.2847237 	| 14.16015625 		| 2.34375 		| 16.41015625 		| 29.8515625 		| 29.40234375
30048.6057353 	| 8.6875 		| 1.65625 		| 59.80859375 		| 6.578125 		| 6.94921875
32310.5877251 	| 1.91796875 		| 3.01953125 		| 20.46875 		| 12.37890625 		| 12.09765625
32583.4646543 	| 3.62109375 		| 3.0234375 		| 22.75390625 		| 57.0078125 		| 57.3359375
33909.9697547 	| 0.03515625 		| 20.37109375 		| 12.421875 		| 17.3828125 		| 17.02734375
34009.1394971 	| 4.890625 		| 2.23828125 		| 45.234375 		| 46.92578125 		| 46.953125
34052.1650722 	| 10.2734375 		| 3.52734375 		| 20.46875 		| 12.37890625 		| 12.09765625
35143.5792899 	| 4.5859375 		| 1.140625 		| 13.7734375 		| 39.9765625 		| 39.3203125
35950.4125738 	| 5.25 		| 0.45703125 		| 34.41796875 		| 48.41796875 		| 48.1171875
35389.9440897 	| 6.515625 		| 0.45703125 		| 48.80078125 		| 56.71875 		| 56.3515625
35535.9990285 	| 16.11328125 		| 0.17578125 		| 551.1796875 		| 51.80859375 		| 51.9453125
35563.1571965 	| 3.13671875 		| 2.52734375 		| 54.4375 		| 45.53515625 		| 45.57421875
35683.134589 	| 4.03515625 		| 1.4453125 		| 58.12890625 		| 55.265625 		| 55.109375


Corrida No. 2
50.6897057898 	| 50.5546875 		| 1.3203125 		| 41.39453125 		| 21.49609375 		| 21.98046875
2463.98250037 	| 36.87109375 		| 1.88671875 		| 17.93359375 		| 21.41015625 		| 21.98046875
8395.39598058 	| 22.0546875 		| 1.7578125 		| 37.91015625 		| 26.08984375 		| 26.796875
16647.2893954 	| 9.39453125 		| 3.234375 		| 14.01953125 		| 26.28515625 		| 26.796875
20228.4327126 	| 23.34375 		| 3.17578125 		| 20.12109375 		| 24.73046875 		| 24.86328125
18969.8053425 	| 33.0703125 		| 1.1953125 		| 546.1875 		| 25.40234375 		| 25.34375
28177.9686063 	| 5.84765625 		| 2.38671875 		| 9.49609375 		| 4.14453125 		| 4.82421875
30654.5850924 	| 8.16015625 		| 1.3046875 		| 2.171875 		| 549.17578125 		| 553.88671875
31957.2812452 	| 11.10546875 		| 2.109375 		| 46.44921875 		| 568.0546875 		| 569.1796875
32631.7135324 	| 8.69921875 		| 1.56640625 		| 51.3203125 		| 46.2890625 		| 46.24609375
283.616696129 	| 47.671875 		| 1.3203125 		| 48.9921875 		| 6.984375 		| 6.69140625
33646.5796079 	| 9.3671875 		| 1.875 		| 17.93359375 		| 53.5546875 		| 53.66015625
33931.4946654 	| 3.7578125 		| 2.7421875 		| 29.58203125 		| 33.1171875 		| 33.015625
34738.3054219 	| 3.38671875 		| 1.08984375 		| 30.84375 		| 39.1015625 		| 39.69921875
35119.3180531 	| 4.640625 		| 1.34765625 		| 25.78515625 		| 52.62109375 		| 52.30078125
35275.1654255 	| 8.984375 		| 1.2734375 		| 547.55859375 		| 33.91796875 		| 33.75
35433.5928595 	| 7.36328125 		| 0.10546875 		| 7.71484375 		| 10.7890625 		| 10.9296875
35560.2520314 	| 6.78515625 		| 1.9375 		| 22.80078125 		| 569.8125 		| 572.8359375
35317.6571035 	| 2.6171875 		| 1.48828125 		| 41.296875 		| 569.0390625 		| 568.37109375
35602.0392077 	| 5.76171875 		| 0.31640625 		| 55.24609375 		| 42.80859375 		| 42.37109375


Corrida No. 3
195.355447024 	| 54.72265625 		| 1.234375 		| 28.61328125 		| 26.2890625 		| 26.890625
757.804419127 	| 40.89453125 		| 1.56640625 		| 15.25390625 		| 23.015625 		| 23.48828125
11415.4900708 	| 31.125 		| 2.02734375 		| 28.46875 		| 13.9140625 		| 13.97265625
15964.6696487 	| 11.3671875 		| 3.1328125 		| 13.18359375 		| 13.1484375 		| 13.7734375
19760.0124417 	| 15.5390625 		| 1.1171875 		| 7.1640625 		| 28.8828125 		| 28.89453125
24666.738526 	| 8.18359375 		| 3.08203125 		| 28.63671875 		| 17.859375 		| 17.421875
25294.270129 	| 11.46484375 		| 1.61328125 		| 40.0234375 		| 11.29296875 		| 11.27734375
28218.3009261 	| 8.578125 		| 1.48046875 		| 35.2109375 		| 29.1953125 		| 29.97265625
31757.3426382 	| 12.19140625 		| 1.796875 		| 45.54296875 		| 14.43359375 		| 14.6953125
31961.0909883 	| 2.5 		| 1.77734375 		| 17.51171875 		| 17.35546875 		| 17.2890625
33118.2584547 	| 7.70703125 		| 2.09765625 		| 27.6015625 		| 42.7265625 		| 42.9609375
33692.1531345 	| 2.00390625 		| 2.625 		| 31.390625 		| 2.44921875 		| 2.3359375
34085.3987232 	| 1.83203125 		| 3.4375 		| 53.61328125 		| 10.6484375 		| 10.25390625
34483.0105121 	| 4.0390625 		| 2.53125 		| 8.921875 		| 57.91796875 		| 57.6796875
35185.2595142 	| 1.9921875 		| 4.9296875 		| 31.390625 		| 2.48046875 		| 2.3359375
35370.1131447 	| 6.3125 		| 1.4140625 		| 17.046875 		| 59.83984375 		| 59.26171875
35381.6854827 	| 1.6171875 		| 1.71484375 		| 33.99609375 		| 57.6953125 		| 57.19140625
35538.2180159 	| 0.140625 		| 6.046875 		| 35.46875 		| 12.33203125 		| 12.77734375
35641.4506265 	| 9.56640625 		| 1.0625 		| 46.87109375 		| 50.984375 		| 50.1015625
34290.7712629 	| 11.87890625 		| 0.421875 		| 551.56640625 		| 58.06640625 		| 58.24609375


Corrida No. 4
80.9944779017 	| 57.4140625 		| 1.17578125 		| 5.6953125 		| 21.4609375 		| 21.98046875
1737.71700171 	| 59.81640625 		| 1.2109375 		| 14.73046875 		| 10.40234375 		| 10.921875
10111.0471308 	| 49.34765625 		| 2.00390625 		| 45.37109375 		| 3.38671875 		| 3.11328125
14596.4745346 	| 15.46484375 		| 2.0390625 		| 552.0234375 		| 27.4296875 		| 27.09765625
17587.4824104 	| 17.47265625 		| 1.16015625 		| 37.29296875 		| 3.41796875 		| 3.11328125
23955.7450827 	| 11.87109375 		| 1.4296875 		| 45.6328125 		| 25.0 		| 25.4765625
27576.8140759 	| 2.65234375 		| 5.44921875 		| 42.078125 		| 546.57421875 		| 543.0234375
30288.6297638 	| 6.234375 		| 1.71484375 		| 57.09765625 		| 17.76171875 		| 17.53515625
30686.6702711 	| 1.14453125 		| 4.21875 		| 35.87890625 		| 9.96875 		| 9.7109375
33110.4063498 	| 4.37890625 		| 1.796875 		| 52.31640625 		| 54.76171875 		| 54.42578125
33179.1907263 	| 2.19921875 		| 2.33984375 		| 56.828125 		| 549.0703125 		| 554.51953125
33333.1233128 	| 1.23046875 		| 4.2109375 		| 53.97265625 		| 43.4609375 		| 43.21484375
33562.6276197 	| 2.1953125 		| 1.4921875 		| 59.12890625 		| 1.09765625 		| 1.3515625
34464.5841262 	| 4.81640625 		| 1.08984375 		| 22.4375 		| 36.46484375 		| 36.3984375
34671.2316317 	| 14.30859375 		| 1.15234375 		| 46.51171875 		| 33.80078125 		| 33.6796875
34926.8857454 	| 2.109375 		| 2.34375 		| 3.33984375 		| 54.76171875 		| 54.2578125
35113.0746917 	| 2.93359375 		| 1.6875 		| 10.15234375 		| 56.94921875 		| 56.1640625
35267.6647625 	| 2.04296875 		| 1.390625 		| 29.87890625 		| 553.5703125 		| 556.27734375
35502.3883897 	| 4.73046875 		| 0.17578125 		| 23.16796875 		| 55.56640625 		| 55.4296875
33021.7627952 	| 13.45703125 		| 1.078125 		| 50.484375 		| 52.70703125 		| 52.12109375


Corrida No. 5
70.6525519226 	| 51.4765625 		| 1.26953125 		| 46.06640625 		| 6.0390625 		| 6.4765625
1317.19914061 	| 57.6015625 		| 1.42578125 		| 51.71484375 		| 6.80859375 		| 6.69140625
4805.59239266 	| 32.0234375 		| 1.55078125 		| 23.51953125 		| 2.32421875 		| 2.10546875
11070.9856714 	| 13.5078125 		| 3.33203125 		| 23.63671875 		| 2.265625 		| 2.10546875
22751.0540957 	| 12.03515625 		| 1.6328125 		| 25.828125 		| 24.30859375 		| 24.875
26208.82722 	| 49.7734375 		| 0.10546875 		| 23.0390625 		| 37.3828125 		| 37.61328125
27102.3778571 	| 22.53515625 		| 1.33203125 		| 18.73046875 		| 28.33203125 		| 28.30078125
29624.8923504 	| 12.64453125 		| 1.609375 		| 3.375 		| 31.46875 		| 31.78125
30897.2517016 	| 17.3671875 		| 0.140625 		| 41.34765625 		| 47.02734375 		| 47.33984375
32406.7720838 	| 13.47265625 		| 1.203125 		| 15.32421875 		| 3.71875 		| 3.33203125
33484.1410134 	| 2.0625 		| 4.33203125 		| 13.79296875 		| 12.31640625 		| 12.6953125
34072.0251236 	| 1.671875 		| 1.67578125 		| 44.53515625 		| 9.8671875 		| 9.0390625
34486.9524609 	| 8.97265625 		| 1.4765625 		| 8.26953125 		| 40.63671875 		| 40.17578125
34585.3143888 	| 7.4609375 		| 1.609375 		| 6.28515625 		| 49.2109375 		| 49.02734375
34814.7601875 	| 2.6328125 		| 1.37109375 		| 24.984375 		| 56.015625 		| 56.13671875
34869.2020118 	| 3.98828125 		| 1.5078125 		| 19.6484375 		| 39.54296875 		| 39.6875
34911.8089144 	| 15.40625 		| 1.484375 		| 24.4140625 		| 39.4609375 		| 39.13671875
34995.7468592 	| 2.7890625 		| 1.10546875 		| 10.74609375 		| 35.06640625 		| 35.25390625
35127.1811946 	| 4.00390625 		| 2.55859375 		| 19.9140625 		| 53.66015625 		| 53.140625
34790.5300488 	| 9.2890625 		| 0.5625 		| 3.19140625 		| 41.07421875 		| 41.3203125


Corrida No. 6
54.7503952153 	| 52.24609375 		| 1.26171875 		| 6.69140625 		| 24.5390625 		| 24.43359375
2345.60489903 	| 38.90234375 		| 1.62890625 		| 14.47265625 		| 23.17578125 		| 23.63671875
3112.03537909 	| 48.546875 		| 1.01171875 		| 38.1640625 		| 3.96484375 		| 3.11328125
19324.0382811 	| 6.1875 		| 5.234375 		| 26.55078125 		| 3.62890625 		| 3.6328125
54.7503952153 	| 52.24609375 		| 1.26171875 		| 6.69140625 		| 24.5390625 		| 24.43359375
26404.0532505 	| 2.015625 		| 5.046875 		| 45.5546875 		| 6.51953125 		| 6.4765625
28577.7884241 	| 26.875 		| 2.15234375 		| 56.47265625 		| 24.453125 		| 24.53125
30634.482577 	| 12.70703125 		| 2.015625 		| 44.74609375 		| 4.18359375 		| 8.2265625
32030.1626883 	| 4.07421875 		| 1.1328125 		| 58.6171875 		| 24.33984375 		| 24.28515625
33226.9578287 	| 46.734375 		| 0.2109375 		| 26.90234375 		| 43.21484375 		| 43.60546875
34037.0895713 	| 5.4296875 		| 2.43359375 		| 43.44140625 		| 53.6328125 		| 53.78515625
34482.5086619 	| 10.5390625 		| 1.0390625 		| 7.71875 		| 48.80078125 		| 48.5078125
34709.72656 	| 0.4921875 		| 5.05078125 		| 27.49609375 		| 55.1015625 		| 55.26953125
35088.7782945 	| 4.0546875 		| 1.15234375 		| 6.12890625 		| 45.34765625 		| 45.42578125
35211.9591434 	| 1.3046875 		| 2.34375 		| 43.65234375 		| 3.4296875 		| 3.48046875
35331.6624481 	| 13.62890625 		| 1.5390625 		| 15.2265625 		| 57.609375 		| 57.59765625
35450.776683 	| 8.46875 		| 0.0703125 		| 15.2578125 		| 58.953125 		| 58.78125
35520.5231 	| 1.453125 		| 2.01171875 		| 33.12109375 		| 39.35546875 		| 39.6875
35562.8730901 	| 2.6484375 		| 1.77734375 		| 8.40234375 		| 53.30078125 		| 53.25390625
35903.1747968 	| 1.25 		| 2.65625 		| 17.05078125 		| 21.83203125 		| 21.79296875


Corrida No. 7
22.3267086685 	| 51.6796875 		| 1.30078125 		| 38.046875 		| 6.8125 		| 6.4765625
3115.53398109 	| 34.3359375 		| 1.45703125 		| 14.09765625 		| 26.15625 		| 26.890625
11472.1616947 	| 21.78125 		| 1.41015625 		| 37.5546875 		| 3.74609375 		| 3.6328125
17919.7982993 	| 33.0390625 		| 1.71484375 		| 39.859375 		| 22.61328125 		| 22.20703125
22833.3520974 	| 2.71484375 		| 7.21875 		| 556.2421875 		| 2.25 		| 2.10546875
24139.3312712 	| 9.9765625 		| 1.265625 		| 43.37890625 		| 13.34765625 		| 13.7734375
28072.3582739 	| 10.70703125 		| 1.59375 		| 28.7265625 		| 2.359375 		| 2.44140625
29900.074259 	| 3.86328125 		| 2.08984375 		| 13.48828125 		| 3.91015625 		| 3.44140625
28010.3143446 	| 5.1171875 		| 2.2734375 		| 34.4375 		| 23.79296875 		| 23.484375
33248.9512967 	| 1.16015625 		| 4.48046875 		| 56.96484375 		| 31.171875 		| 31.62109375
33699.0345891 	| 10.3515625 		| 2.02734375 		| 42.76171875 		| 49.1484375 		| 49.16796875
34339.5341668 	| 2.16796875 		| 2.53515625 		| 33.5546875 		| 37.16015625 		| 37.828125
34559.1308357 	| 1.58203125 		| 1.1796875 		| 552.7265625 		| 20.90625 		| 20.1796875
34648.9921449 	| 1.1015625 		| 1.9140625 		| 565.20703125 		| 51.62890625 		| 51.375
34814.8508208 	| 2.46484375 		| 1.3984375 		| 3.0078125 		| 35.4765625 		| 35.06640625
34923.7973725 	| 3.87890625 		| 1.73046875 		| 39.5078125 		| 41.625 		| 41.65625
35200.5467652 	| 23.078125 		| 0.984375 		| 57.9453125 		| 42.03125 		| 42.7578125
35338.3507889 	| 2.70703125 		| 1.8984375 		| 6.17578125 		| 32.63671875 		| 32.4921875
35596.15515 	| 8.75390625 		| 1.28125 		| 47.59375 		| 51.19921875 		| 51.96484375
35609.9494584 	| 16.03515625 		| 0.0703125 		| 574.2421875 		| 37.2109375 		| 37.08984375


Corrida No. 8
134.033286143 	| 50.73828125 		| 1.37890625 		| 14.44140625 		| 20.86328125 		| 20.5390625
2623.38061411 	| 34.15234375 		| 1.546875 		| 47.66796875 		| 21.234375 		| 21.98046875
842.98135352 	| 40.47265625 		| 1.546875 		| 59.28515625 		| 20.60546875 		| 20.5390625
15548.6321441 	| 11.69140625 		| 2.61328125 		| 10.7421875 		| 21.41015625 		| 21.4609375
15607.3530338 	| 11.62890625 		| 2.6171875 		| 40.640625 		| 21.41796875 		| 21.4609375
26942.7909556 	| 17.48046875 		| 1.42578125 		| 556.20703125 		| 34.86328125 		| 34.53125
29388.6004153 	| 6.921875 		| 1.2578125 		| 55.65625 		| 29.86328125 		| 29.4765625
29696.8665375 	| 14.77734375 		| 1.10546875 		| 51.60546875 		| 44.68359375 		| 44.21484375
33006.7984687 	| 1.0546875 		| 4.171875 		| 16.046875 		| 39.99609375 		| 39.6484375
33286.8171737 	| 2.67578125 		| 1.89453125 		| 6.04296875 		| 50.91015625 		| 50.421875
33841.0543285 	| 3.9140625 		| 1.39453125 		| 43.4921875 		| 37.66796875 		| 37.67578125
34334.6110432 	| 1.86328125 		| 2.92578125 		| 9.09375 		| 36.796875 		| 36.015625
34421.3321685 	| 0.80859375 		| 3.0859375 		| 57.97265625 		| 15.78515625 		| 15.18359375
34779.1417362 	| 1.16015625 		| 3.5859375 		| 47.921875 		| 32.21484375 		| 32.30078125
35096.6853796 	| 12.921875 		| 2.1484375 		| 45.67578125 		| 32.91796875 		| 32.37890625
35217.7932792 	| 1.984375 		| 2.25 		| 53.69140625 		| 58.1015625 		| 58.6640625
35230.7324057 	| 2.921875 		| 1.9375 		| 23.68359375 		| 39.5390625 		| 39.32421875
35353.3901256 	| 6.74609375 		| 1.76171875 		| 41.453125 		| 42.5546875 		| 42.421875
35536.7928892 	| 4.60546875 		| 1.76171875 		| 54.6171875 		| 26.2890625 		| 26.67578125
34932.4957064 	| 4.2109375 		| 1.0703125 		| 11.08203125 		| 36.64453125 		| 36.46875


Corrida No. 9
33.6541314758 	| 53.44921875 		| 1.2578125 		| 47.51953125 		| 8.0234375 		| 8.3125
352.9507503 	| 55.21875 		| 1.3671875 		| 55.1328125 		| 6.5625 		| 6.69140625
5509.99495056 	| 41.7734375 		| 1.03125 		| 36.25390625 		| 21.15234375 		| 21.4609375
9945.49361481 	| 23.359375 		| 1.9609375 		| 11.1171875 		| 24.765625 		| 24.90625
18484.789081 	| 14.5859375 		| 1.4375 		| 3.6796875 		| 9.08984375 		| 9.015625
20689.2549749 	| 8.70703125 		| 2.7421875 		| 57.14453125 		| 2.40234375 		| 2.83203125
28548.2751318 	| 41.67578125 		| 0.94921875 		| 3.83203125 		| 26.63671875 		| 26.046875
31594.126766 	| 40.06640625 		| 0.140625 		| 568.72265625 		| 49.4765625 		| 49.63671875
29183.9286521 	| 26.2890625 		| 0.24609375 		| 58.8984375 		| 42.8046875 		| 42.6015625
33274.2163369 	| 10.01171875 		| 1.2578125 		| 5.9765625 		| 58.05078125 		| 58.03515625
33519.5439607 	| 4.01953125 		| 3.07421875 		| 19.11328125 		| 35.25 		| 35.5234375
34431.5102085 	| 4.09375 		| 1.29296875 		| 12.62890625 		| 34.96875 		| 34.1484375
34606.8861983 	| 5.92578125 		| 0.7734375 		| 5.00390625 		| 35.12890625 		| 35.3828125
34641.6526441 	| 6.21484375 		| 1.09375 		| 48.7265625 		| 33.25390625 		| 33.6796875
35003.1693326 	| 4.74609375 		| 1.4296875 		| 49.6640625 		| 31.62890625 		| 31.1484375
35285.1299715 	| 1.80859375 		| 1.72265625 		| 44.41015625 		| 44.9609375 		| 44.1875
35529.8782563 	| 9.30859375 		| 1.03515625 		| 43.609375 		| 46.80859375 		| 46.83984375
35688.6856344 	| 6.12109375 		| 0.94921875 		| 28.5234375 		| 49.015625 		| 49.73046875
35735.291892 	| 2.5546875 		| 2.0 		| 27.203125 		| 15.46875 		| 15.5
35757.953038 	| 1.01953125 		| 1.66015625 		| 18.58984375 		| 38.59375 		| 38.828125


Corrida No. 10
152.262884483 	| 56.73046875 		| 1.28515625 		| 548.859375 		| 6.33203125 		| 6.4765625
2769.13284498 	| 35.86328125 		| 1.4609375 		| 58.6015625 		| 21.51953125 		| 21.46484375
8155.35798872 	| 53.5546875 		| 1.10546875 		| 548.6484375 		| 1.6796875 		| 1.015625
18998.1035211 	| 19.734375 		| 3.296875 		| 9.625 		| 11.19140625 		| 11.28125
22524.744143 	| 10.6484375 		| 2.33984375 		| 39.82421875 		| 21.421875 		| 21.48828125
25947.4800008 	| 13.875 		| 1.1484375 		| 20.421875 		| 29.359375 		| 29.97265625
29163.235693 	| 3.69140625 		| 2.24609375 		| 565.8046875 		| 26.234375 		| 26.578125
30631.6362516 	| 15.94140625 		| 2.00390625 		| 1.36328125 		| 11.39453125 		| 11.86328125
32560.3657409 	| 4.4296875 		| 1.42578125 		| 19.26171875 		| 59.67578125 		| 59.7265625
33324.5204224 	| 1.40625 		| 3.515625 		| 8.12109375 		| 13.8359375 		| 13.0390625
33591.5372844 	| 2.1796875 		| 3.35546875 		| 6.94140625 		| 11.8046875 		| 11.015625
34380.1824026 	| 8.0625 		| 1.01171875 		| 43.33203125 		| 52.58984375 		| 52.359375
34578.8486658 	| 28.421875 		| 0.73828125 		| 560.21484375 		| 30.15234375 		| 30.9609375
34691.2888897 	| 39.640625 		| 1.01171875 		| 11.8515625 		| 42.46484375 		| 42.14453125
34884.4211397 	| 2.90234375 		| 3.5703125 		| 45.1953125 		| 39.640625 		| 39.37890625
34990.7462157 	| 4.30859375 		| 0.59765625 		| 43.0546875 		| 11.30078125 		| 11.25390625
35162.3410012 	| 14.14453125 		| 1.31640625 		| 18.421875 		| 565.453125 		| 558.03515625
35530.9946762 	| 7.65625 		| 2.26171875 		| 24.859375 		| 33.07421875 		| 33.73828125
35774.7117438 	| 2.65625 		| 1.015625 		| 58.1953125 		| 57.16015625 		| 57.4765625
35895.1508516 	| 3.1015625 		| 1.4375 		| 3.05078125 		| 20.50390625 		| 20.05859375


Corrida No. 11
59.9106109849 	| 51.9140625 		| 1.26171875 		| 28.08203125 		| 21.4296875 		| 21.98046875
1277.60923798 	| 41.7109375 		| 1.3515625 		| 559.01953125 		| 24.3203125 		| 24.86328125
4101.88303589 	| 26.21484375 		| 2.16015625 		| 560.25 		| 3.7890625 		| 3.6328125
4101.88303589 	| 26.21484375 		| 2.16015625 		| 560.25 		| 3.7890625 		| 3.6328125
9686.58514075 	| 26.234375 		| 1.25 		| 28.44140625 		| 21.01953125 		| 21.98046875
12660.7018309 	| 48.87890625 		| 0.3515625 		| 57.50390625 		| 10.98828125 		| 10.16015625
13710.9796397 	| 26.3515625 		| 2.6015625 		| 55.125 		| 24.65234375 		| 24.90625
17078.5395915 	| 52.34375 		| 2.1015625 		| 32.046875 		| 26.53515625 		| 26.890625
19183.8677796 	| 13.8515625 		| 1.5546875 		| 39.4453125 		| 20.828125 		| 20.83984375
20714.3811644 	| 37.0078125 		| 1.234375 		| 550.37109375 		| 22.1953125 		| 22.72265625
21953.7751511 	| 8.6171875 		| 2.41796875 		| 27.62890625 		| 24.0390625 		| 24.53125
23117.9213621 	| 17.65625 		| 0.59765625 		| 33.9609375 		| 2.9609375 		| 2.10546875
23528.4686429 	| 46.94140625 		| 0.28125 		| 21.609375 		| 33.40234375 		| 33.734375
24207.0784364 	| 10.10546875 		| 1.2265625 		| 35.0390625 		| 14.65625 		| 14.0546875
24445.0631521 	| 15.01953125 		| 1.07421875 		| 1.88671875 		| 24.17578125 		| 24.0546875
25316.5954647 	| 5.890625 		| 2.40625 		| 2.98828125 		| 21.06640625 		| 21.26953125
27061.9695657 	| 48.07421875 		| 0.421875 		| 25.0703125 		| 37.015625 		| 37.859375
27339.271081 	| 7.62890625 		| 1.7578125 		| 32.13671875 		| 561.62109375 		| 558.984375
27851.2201456 	| 9.00390625 		| 1.4140625 		| 34.61328125 		| 26.71875 		| 26.01171875
28069.1095418 	| 13.48046875 		| 1.21875 		| 11.3359375 		| 47.19140625 		| 47.796875

