Aptitud 		|X1 			|X2 			|X3 			|X4
------------------------|-----------------------|-----------------------|-----------------------|-----------------------
Corrida No. 1
28.1705659485 	| 431.0 		| 428.0 		| 418.0 		| 429.0
28.1705659485 	| 431.0 		| 428.0 		| 418.0 		| 429.0
41.2354297026 	| 408.0 		| 414.0 		| 428.0 		| 413.0
28.1705659485 	| 431.0 		| 428.0 		| 418.0 		| 429.0
28.1705659485 	| 431.0 		| 428.0 		| 418.0 		| 429.0


Corrida No. 2
29.048413498 	| 420.0 		| 416.0 		| 413.0 		| 409.0
29.048413498 	| 420.0 		| 416.0 		| 413.0 		| 409.0
29.048413498 	| 420.0 		| 416.0 		| 413.0 		| 409.0
29.048413498 	| 420.0 		| 416.0 		| 413.0 		| 409.0
29.048413498 	| 420.0 		| 416.0 		| 413.0 		| 409.0


Corrida No. 3
80.3169575547 	| 407.0 		| 406.0 		| 406.0 		| 419.0
80.3169575547 	| 407.0 		| 406.0 		| 406.0 		| 419.0
80.3169575547 	| 407.0 		| 406.0 		| 406.0 		| 419.0
80.3169575547 	| 407.0 		| 406.0 		| 406.0 		| 419.0
80.3169575547 	| 407.0 		| 406.0 		| 406.0 		| 419.0


Corrida No. 4
14.4549640394 	| 422.0 		| 420.0 		| 413.0 		| 428.0
14.4549640394 	| 422.0 		| 420.0 		| 413.0 		| 428.0
14.4549640394 	| 422.0 		| 420.0 		| 413.0 		| 428.0
14.4549640394 	| 422.0 		| 420.0 		| 413.0 		| 428.0
14.4549640394 	| 422.0 		| 420.0 		| 413.0 		| 428.0


Corrida No. 5
120.982127111 	| 419.0 		| -305.0 		| 424.0 		| 420.0
61.4559890514 	| 415.0 		| 408.0 		| 405.0 		| 415.0
61.4559890514 	| 415.0 		| 408.0 		| 405.0 		| 415.0
61.4559890514 	| 415.0 		| 408.0 		| 405.0 		| 415.0
91.6252821443 	| 403.0 		| 438.0 		| 419.0 		| 410.0


Corrida No. 6
29.5913404868 	| 432.0 		| 416.0 		| 413.0 		| 426.0
29.5913404868 	| 432.0 		| 416.0 		| 413.0 		| 426.0
29.5913404868 	| 432.0 		| 416.0 		| 413.0 		| 426.0
29.5913404868 	| 432.0 		| 416.0 		| 413.0 		| 426.0
29.5913404868 	| 432.0 		| 416.0 		| 413.0 		| 426.0


Corrida No. 7
29.4990127361 	| 424.0 		| 417.0 		| 429.0 		| 433.0
29.4990127361 	| 424.0 		| 417.0 		| 429.0 		| 433.0
21.2796219994 	| 426.0 		| 417.0 		| 429.0 		| 413.0
21.2796219994 	| 426.0 		| 417.0 		| 429.0 		| 413.0
17.6079878211 	| 426.0 		| 417.0 		| 421.0 		| 411.0


Corrida No. 8
38.6136929888 	| 408.0 		| 425.0 		| 426.0 		| 411.0
38.6136929888 	| 408.0 		| 425.0 		| 426.0 		| 411.0
38.6136929888 	| 408.0 		| 425.0 		| 426.0 		| 411.0
57.5127055421 	| 404.0 		| 414.0 		| 432.0 		| 423.0
57.5127055421 	| 404.0 		| 414.0 		| 432.0 		| 423.0


Corrida No. 9
37.2745549306 	| 431.0 		| 433.0 		| 422.0 		| 428.0
37.2745549306 	| 431.0 		| 433.0 		| 422.0 		| 428.0
37.2745549306 	| 431.0 		| 433.0 		| 422.0 		| 428.0
37.2745549306 	| 431.0 		| 433.0 		| 422.0 		| 428.0
44.5224167404 	| 421.0 		| 415.0 		| 415.0 		| 404.0


Corrida No. 10
13.6047880726 	| 418.0 		| 429.0 		| 424.0 		| 426.0
13.6047880726 	| 418.0 		| 429.0 		| 424.0 		| 426.0
13.6047880726 	| 418.0 		| 429.0 		| 424.0 		| 426.0
13.6047880726 	| 418.0 		| 429.0 		| 424.0 		| 426.0
20.6942887877 	| 418.0 		| 429.0 		| 424.0 		| 430.0


Corrida No. 11
59.1474812177 	| 430.0 		| 420.0 		| 411.0 		| 438.0
59.1474812177 	| 430.0 		| 420.0 		| 411.0 		| 438.0
59.1474812177 	| 430.0 		| 420.0 		| 411.0 		| 438.0
59.1474812177 	| 430.0 		| 420.0 		| 411.0 		| 438.0
59.1474812177 	| 430.0 		| 420.0 		| 411.0 		| 438.0


Corrida No. 12
40.9482807951 	| 428.0 		| 405.0 		| 417.0 		| 424.0
40.9482807951 	| 428.0 		| 405.0 		| 417.0 		| 424.0
40.9482807951 	| 428.0 		| 405.0 		| 417.0 		| 424.0
74.7336883607 	| 439.0 		| 429.0 		| 434.0 		| 427.0
40.9482807951 	| 428.0 		| 405.0 		| 417.0 		| 424.0


Corrida No. 13
36.5073628784 	| 411.0 		| 431.0 		| 418.0 		| 430.0
36.5073628784 	| 411.0 		| 431.0 		| 418.0 		| 430.0
36.5073628784 	| 411.0 		| 431.0 		| 418.0 		| 430.0
36.5073628784 	| 411.0 		| 431.0 		| 418.0 		| 430.0
36.5073628784 	| 411.0 		| 431.0 		| 418.0 		| 430.0


Corrida No. 14
56.3333615012 	| 423.0 		| 405.0 		| 407.0 		| 421.0
56.3333615012 	| 423.0 		| 405.0 		| 407.0 		| 421.0
56.3333615012 	| 423.0 		| 405.0 		| 407.0 		| 421.0
57.101883501 	| 423.0 		| 437.0 		| 407.0 		| 420.0
60.6975591877 	| 408.0 		| 407.0 		| 410.0 		| 419.0


Corrida No. 15
9.35452260265 	| 423.0 		| 415.0 		| 426.0 		| 424.0
10.1112619354 	| 423.0 		| 415.0 		| 427.0 		| 423.0
14.5984913296 	| 423.0 		| 411.0 		| 419.0 		| 424.0
9.35452260265 	| 423.0 		| 415.0 		| 426.0 		| 424.0
10.1112619354 	| 423.0 		| 415.0 		| 427.0 		| 423.0


Corrida No. 16
9.13869300539 	| 413.0 		| 423.0 		| 423.0 		| 422.0
9.13869300539 	| 413.0 		| 423.0 		| 423.0 		| 422.0
46.7941043333 	| 408.0 		| 428.0 		| 410.0 		| 427.0
46.7941043333 	| 408.0 		| 428.0 		| 410.0 		| 427.0
46.7941043333 	| 408.0 		| 428.0 		| 410.0 		| 427.0


Corrida No. 17
0.252907336394 	| 421.0 		| 420.0 		| 422.0 		| 421.0
0.252907336394 	| 421.0 		| 420.0 		| 422.0 		| 421.0
0.252907336394 	| 421.0 		| 420.0 		| 422.0 		| 421.0
0.757271337087 	| 421.0 		| 422.0 		| 422.0 		| 419.0
0.757271337087 	| 421.0 		| 422.0 		| 422.0 		| 419.0


Corrida No. 18
15.8791218774 	| 431.0 		| 426.0 		| 421.0 		| 421.0
15.8791218774 	| 431.0 		| 426.0 		| 421.0 		| 421.0
15.8791218774 	| 431.0 		| 426.0 		| 421.0 		| 421.0
15.8791218774 	| 431.0 		| 426.0 		| 421.0 		| 421.0
37.6661156531 	| 427.0 		| 413.0 		| 411.0 		| 431.0


Corrida No. 19
50.7583104402 	| 435.0 		| 408.0 		| 417.0 		| 416.0
50.7583104402 	| 435.0 		| 408.0 		| 417.0 		| 416.0
50.7583104402 	| 435.0 		| 408.0 		| 417.0 		| 416.0
50.7583104402 	| 435.0 		| 408.0 		| 417.0 		| 416.0
60.5388774177 	| 434.0 		| 408.0 		| 430.0 		| 413.0


Corrida No. 20
0.000543935422684 	| 421.0 		| 421.0 		| 421.0 		| 421.0
0.118790341713 	| 420.0 		| 421.0 		| 421.0 		| 421.0
0.371153742685 	| 422.0 		| 420.0 		| 420.0 		| 421.0
0.537011914149 	| 422.0 		| 422.0 		| 422.0 		| 422.0
0.725530160304 	| 421.0 		| 420.0 		| 420.0 		| 419.0


Corrida No. 21
23.6736447889 	| 412.0 		| 415.0 		| 424.0 		| 413.0
23.6736447889 	| 412.0 		| 415.0 		| 424.0 		| 413.0
23.6736447889 	| 412.0 		| 415.0 		| 424.0 		| 413.0
23.6736447889 	| 412.0 		| 415.0 		| 424.0 		| 413.0
23.6736447889 	| 412.0 		| 415.0 		| 424.0 		| 413.0


Corrida No. 22
9.06991165207 	| 425.0 		| 419.0 		| 425.0 		| 415.0
9.06991165207 	| 425.0 		| 419.0 		| 425.0 		| 415.0
9.06991165207 	| 425.0 		| 419.0 		| 425.0 		| 415.0
18.8543409049 	| 425.0 		| 419.0 		| 428.0 		| 412.0
18.8543409049 	| 425.0 		| 419.0 		| 428.0 		| 412.0


Corrida No. 23
42.4150273485 	| 404.0 		| 420.0 		| 419.0 		| 428.0
42.4150273485 	| 404.0 		| 420.0 		| 419.0 		| 428.0
42.4150273485 	| 404.0 		| 420.0 		| 419.0 		| 428.0
42.4150273485 	| 404.0 		| 420.0 		| 419.0 		| 428.0
42.4150273485 	| 404.0 		| 420.0 		| 419.0 		| 428.0


Corrida No. 24
41.1555770019 	| 421.0 		| 431.0 		| 420.0 		| 436.0
41.1555770019 	| 421.0 		| 431.0 		| 420.0 		| 436.0
41.1555770019 	| 421.0 		| 431.0 		| 420.0 		| 436.0
42.7661965394 	| 417.0 		| 411.0 		| 436.0 		| 421.0
41.1555770019 	| 421.0 		| 431.0 		| 420.0 		| 436.0


Corrida No. 25
44.4643578193 	| 426.0 		| 425.0 		| 434.0 		| 409.0
46.7666941788 	| 427.0 		| 431.0 		| 429.0 		| 434.0
46.7666941788 	| 427.0 		| 431.0 		| 429.0 		| 434.0
46.7666941788 	| 427.0 		| 431.0 		| 429.0 		| 434.0
46.7666941788 	| 427.0 		| 431.0 		| 429.0 		| 434.0


Corrida No. 26
15.8791218774 	| 431.0 		| 426.0 		| 421.0 		| 421.0
15.8791218774 	| 431.0 		| 426.0 		| 421.0 		| 421.0
15.8791218774 	| 431.0 		| 426.0 		| 421.0 		| 421.0
15.8791218774 	| 431.0 		| 426.0 		| 421.0 		| 421.0
37.6661156531 	| 427.0 		| 413.0 		| 411.0 		| 431.0


Corrida No. 27
41.1555770019 	| 421.0 		| 431.0 		| 420.0 		| 436.0
41.1555770019 	| 421.0 		| 431.0 		| 420.0 		| 436.0
41.1555770019 	| 421.0 		| 431.0 		| 420.0 		| 436.0
42.7661965394 	| 417.0 		| 411.0 		| 436.0 		| 421.0
41.1555770019 	| 421.0 		| 431.0 		| 420.0 		| 436.0


Corrida No. 28
80.3169575547 	| 407.0 		| 406.0 		| 406.0 		| 419.0
80.3169575547 	| 407.0 		| 406.0 		| 406.0 		| 419.0
80.3169575547 	| 407.0 		| 406.0 		| 406.0 		| 419.0
80.3169575547 	| 407.0 		| 406.0 		| 406.0 		| 419.0
80.3169575547 	| 407.0 		| 406.0 		| 406.0 		| 419.0


Corrida No. 29
40.9482807951 	| 428.0 		| 405.0 		| 417.0 		| 424.0
40.9482807951 	| 428.0 		| 405.0 		| 417.0 		| 424.0
40.9482807951 	| 428.0 		| 405.0 		| 417.0 		| 424.0
74.7336883607 	| 439.0 		| 429.0 		| 434.0 		| 427.0
40.9482807951 	| 428.0 		| 405.0 		| 417.0 		| 424.0


Corrida No. 30
15.8791218774 	| 431.0 		| 426.0 		| 421.0 		| 421.0
15.8791218774 	| 431.0 		| 426.0 		| 421.0 		| 421.0
15.8791218774 	| 431.0 		| 426.0 		| 421.0 		| 421.0
15.8791218774 	| 431.0 		| 426.0 		| 421.0 		| 421.0
37.6661156531 	| 427.0 		| 413.0 		| 411.0 		| 431.0


