Aptitud 		|X1 			|X2 			|X3 			|X4
------------------------|-----------------------|-----------------------|-----------------------|-----------------------
Corrida No. 1
0.0235612508158 	| 0.0 		| 10.0 		| 9.0 		| 10.0
0.0302646823817 	| 7.0 		| 10.0 		| 10.0 		| 6.0
0.0358994660585 	| 10.0 		| 4.0 		| 9.0 		| 2.0
0.0367210368086 	| 1.0 		| 1.0 		| 10.0 		| 1.0
0.0432065717866 	| 8.0 		| 1.0 		| 9.0 		| 3.0


Corrida No. 2
0.0297304346614 	| 1.0 		| 9.0 		| 10.0 		| 8.0
0.0318682311795 	| 9.0 		| 10.0 		| 0.0 		| 5.0
0.0323404144134 	| 7.0 		| 9.0 		| 10.0 		| 7.0
0.0348613097578 	| 7.0 		| 9.0 		| 6.0 		| 10.0
0.0358719627523 	| 10.0 		| 1.0 		| 0.0 		| 2.0


Corrida No. 3
0.0247751507991 	| 9.0 		| 9.0 		| 10.0 		| 0.0
0.0318868921661 	| 0.0 		| 4.0 		| 10.0 		| 9.0
0.0324083032949 	| 7.0 		| 9.0 		| 1.0 		| 10.0
0.033956503151 	| 5.0 		| 1.0 		| 9.0 		| 10.0
0.0348871042798 	| 3.0 		| 0.0 		| 0.0 		| 10.0


Corrida No. 4
0.0268544471454 	| 1.0 		| 10.0 		| 10.0 		| 8.0
0.0269033484544 	| 3.0 		| 9.0 		| 10.0 		| 10.0
0.028125881391 	| 10.0 		| 10.0 		| 4.0 		| 0.0
0.0294785128735 	| 10.0 		| 9.0 		| 0.0 		| 7.0
0.0301418291607 	| 2.0 		| 0.0 		| 9.0 		| 10.0


Corrida No. 5
0.0252576122682 	| 0.0 		| 10.0 		| 0.0 		| 10.0
0.0281378213269 	| 0.0 		| 3.0 		| 10.0 		| 10.0
0.0286607437447 	| 7.0 		| 9.0 		| 10.0 		| 0.0
0.0291877099135 	| 5.0 		| 10.0 		| 0.0 		| 10.0
0.0298581229645 	| 8.0 		| 9.0 		| 9.0 		| 0.0


Corrida No. 6
0.024920166972 	| 1.0 		| 10.0 		| 10.0 		| 9.0
0.0271837011925 	| 5.0 		| 10.0 		| 9.0 		| 10.0
0.0285563210104 	| 10.0 		| 4.0 		| 0.0 		| 10.0
0.0299033929723 	| 8.0 		| 10.0 		| 4.0 		| 10.0
0.03143533171 	| 2.0 		| 9.0 		| 10.0 		| 8.0


Corrida No. 7
0.0311992151225 	| 0.0 		| 1.0 		| 10.0 		| 0.0
0.0401802731363 	| 8.0 		| 7.0 		| 0.0 		| 0.0
0.0405753663068 	| 3.0 		| 9.0 		| 9.0 		| 7.0
0.0412355408713 	| 10.0 		| 1.0 		| 3.0 		| 7.0
0.0603628972353 	| 1.0 		| 4.0 		| 8.0 		| 1.0


Corrida No. 8
0.0293464417857 	| 8.0 		| 10.0 		| 8.0 		| 0.0
0.0313583948527 	| 10.0 		| 8.0 		| 0.0 		| 1.0
0.0315204213464 	| 7.0 		| 0.0 		| 0.0 		| 10.0
0.0326797571609 	| 1.0 		| 2.0 		| 10.0 		| 9.0
0.0659386690364 	| 7.0 		| 0.0 		| 3.0 		| 6.0


Corrida No. 9
0.0259000170666 	| 0.0 		| 1.0 		| 10.0 		| 10.0
0.0274747075209 	| 10.0 		| 0.0 		| 10.0 		| 5.0
0.0294562210374 	| 9.0 		| 2.0 		| 10.0 		| 0.0
0.0329237530475 	| 0.0 		| 0.0 		| 9.0 		| 0.0
0.0343153098857 	| 4.0 		| 10.0 		| 9.0 		| 1.0


Corrida No. 10
0.0266982207291 	| 0.0 		| 9.0 		| 10.0 		| 0.0
0.0278315681567 	| 3.0 		| 0.0 		| 10.0 		| 10.0
0.0309042764004 	| 9.0 		| 1.0 		| 1.0 		| 10.0
0.0321773873589 	| 0.0 		| 1.0 		| 9.0 		| 9.0
0.0333558515522 	| 9.0 		| 5.0 		| 10.0 		| 1.0


Corrida No. 11
0.0253605654467 	| 10.0 		| 10.0 		| 9.0 		| 2.0
0.0258167015129 	| 1.0 		| 0.0 		| 10.0 		| 10.0
0.0289627387206 	| 9.0 		| 3.0 		| 10.0 		| 9.0
0.0294232895827 	| 10.0 		| 10.0 		| 7.0 		| 2.0
0.0321773873589 	| 0.0 		| 9.0 		| 9.0 		| 1.0


Corrida No. 12
0.0320062279127 	| 1.0 		| 10.0 		| 9.0 		| 7.0
0.0336861158547 	| 1.0 		| 1.0 		| 10.0 		| 0.0
0.0365796516041 	| 6.0 		| 10.0 		| 8.0 		| 1.0
0.0366916162906 	| 2.0 		| 0.0 		| 1.0 		| 10.0
0.0379458390505 	| 9.0 		| 1.0 		| 9.0 		| 3.0


Corrida No. 13
0.0279136452091 	| 9.0 		| 9.0 		| 7.0 		| 10.0
0.0304852580755 	| 9.0 		| 0.0 		| 10.0 		| 3.0
0.0340982737698 	| 0.0 		| 8.0 		| 0.0 		| 9.0
0.0354993771855 	| 0.0 		| 5.0 		| 0.0 		| 10.0
0.0358994660585 	| 9.0 		| 4.0 		| 10.0 		| 2.0


Corrida No. 14
0.0306901506182 	| 10.0 		| 8.0 		| 8.0 		| 8.0
0.0329718791298 	| 0.0 		| 0.0 		| 10.0 		| 2.0
0.03429229403 	| 5.0 		| 8.0 		| 10.0 		| 0.0
0.0360836203118 	| 7.0 		| 10.0 		| 5.0 		| 9.0
0.0365300862687 	| 6.0 		| 9.0 		| 10.0 		| 3.0


Corrida No. 15
0.0277659497808 	| 0.0 		| 10.0 		| 10.0 		| 6.0
0.028180032949 	| 8.0 		| 9.0 		| 10.0 		| 8.0
0.0285232667576 	| 10.0 		| 8.0 		| 6.0 		| 10.0
0.0294232895827 	| 7.0 		| 10.0 		| 10.0 		| 2.0
0.0299937183798 	| 3.0 		| 10.0 		| 10.0 		| 1.0


Corrida No. 16
0.0283771096717 	| 10.0 		| 1.0 		| 10.0 		| 2.0
0.0329452909969 	| 1.0 		| 8.0 		| 8.0 		| 10.0
0.0337267197611 	| 0.0 		| 9.0 		| 0.0 		| 0.0
0.0355938576105 	| 4.0 		| 10.0 		| 4.0 		| 10.0
0.037266164273 	| 3.0 		| 0.0 		| 10.0 		| 7.0


Corrida No. 17
0.0280407457201 	| 9.0 		| 2.0 		| 9.0 		| 10.0
0.0299937183798 	| 3.0 		| 1.0 		| 10.0 		| 10.0
0.0303469831983 	| 4.0 		| 10.0 		| 10.0 		| 1.0
0.0305913038992 	| 1.0 		| 10.0 		| 10.0 		| 5.0
0.0356914859464 	| 1.0 		| 0.0 		| 8.0 		| 9.0


Corrida No. 18
0.030570043058 	| 8.0 		| 9.0 		| 10.0 		| 2.0
0.0329718791298 	| 10.0 		| 0.0 		| 0.0 		| 2.0
0.0335613269073 	| 6.0 		| 10.0 		| 3.0 		| 10.0
0.0339570685806 	| 9.0 		| 0.0 		| 2.0 		| 9.0
0.0369830111536 	| 3.0 		| 0.0 		| 10.0 		| 1.0


Corrida No. 19
0.0262423619074 	| 9.0 		| 10.0 		| 2.0 		| 10.0
0.0266405480615 	| 0.0 		| 10.0 		| 10.0 		| 7.0
0.0304261285558 	| 0.0 		| 10.0 		| 8.0 		| 8.0
0.0316705495469 	| 9.0 		| 3.0 		| 10.0 		| 8.0
0.0337783057398 	| 5.0 		| 5.0 		| 10.0 		| 10.0


Corrida No. 20
0.0286387779354 	| 9.0 		| 0.0 		| 1.0 		| 10.0
0.0302528873833 	| 10.0 		| 2.0 		| 0.0 		| 9.0
0.0302972402506 	| 0.0 		| 8.0 		| 0.0 		| 10.0
0.0319946907442 	| 0.0 		| 0.0 		| 1.0 		| 10.0
0.0326797571609 	| 10.0 		| 9.0 		| 1.0 		| 2.0


Corrida No. 21
0.0273111310413 	| 10.0 		| 2.0 		| 10.0 		| 8.0
0.0309157293659 	| 10.0 		| 0.0 		| 9.0 		| 4.0
0.036800164811 	| 0.0 		| 8.0 		| 9.0 		| 7.0
0.0377271912454 	| 10.0 		| 9.0 		| 3.0 		| 3.0
0.0378264705882 	| 1.0 		| 1.0 		| 1.0 		| 10.0


Corrida No. 22
0.0310702720091 	| 10.0 		| 3.0 		| 10.0 		| 2.0
0.0314693733392 	| 0.0 		| 9.0 		| 2.0 		| 10.0
0.032526938378 	| 10.0 		| 10.0 		| 2.0 		| 4.0
0.0328168054968 	| 1.0 		| 10.0 		| 9.0 		| 2.0
0.0331320041286 	| 10.0 		| 8.0 		| 6.0 		| 0.0


Corrida No. 23
0.0248486779074 	| 9.0 		| 10.0 		| 9.0 		| 0.0
0.0265398644437 	| 9.0 		| 10.0 		| 10.0 		| 5.0
0.0273340513078 	| 9.0 		| 0.0 		| 9.0 		| 9.0
0.028125881391 	| 10.0 		| 0.0 		| 4.0 		| 10.0
0.028125881391 	| 10.0 		| 0.0 		| 4.0 		| 10.0


Corrida No. 24
0.0266982207291 	| 10.0 		| 0.0 		| 0.0 		| 9.0
0.0276447418517 	| 10.0 		| 1.0 		| 1.0 		| 10.0
0.0285232667576 	| 6.0 		| 10.0 		| 10.0 		| 8.0
0.02989405533 	| 10.0 		| 8.0 		| 9.0 		| 7.0
0.0322144271616 	| 10.0 		| 10.0 		| 6.0 		| 3.0


Corrida No. 25
0.0291098898441 	| 10.0 		| 2.0 		| 10.0 		| 7.0
0.0298510099227 	| 10.0 		| 6.0 		| 9.0 		| 0.0
0.034627687971 	| 10.0 		| 9.0 		| 1.0 		| 4.0
0.0377068209717 	| 9.0 		| 0.0 		| 8.0 		| 6.0
0.0403179027706 	| 6.0 		| 2.0 		| 9.0 		| 9.0


Corrida No. 26
0.0300792689904 	| 9.0 		| 1.0 		| 10.0 		| 1.0
0.031386056601 	| 4.0 		| 9.0 		| 10.0 		| 0.0
0.0327377794448 	| 9.0 		| 8.0 		| 0.0 		| 0.0
0.0349434124193 	| 8.0 		| 9.0 		| 8.0 		| 8.0
0.0364836055728 	| 6.0 		| 1.0 		| 0.0 		| 10.0


Corrida No. 27
0.0276447418517 	| 10.0 		| 10.0 		| 1.0 		| 1.0
0.0289554549604 	| 8.0 		| 1.0 		| 9.0 		| 10.0
0.0302351362256 	| 10.0 		| 3.0 		| 1.0 		| 10.0
0.0338680029583 	| 0.0 		| 7.0 		| 10.0 		| 1.0
0.0354312385249 	| 10.0 		| 2.0 		| 8.0 		| 1.0


Corrida No. 28
0.0291667269541 	| 1.0 		| 10.0 		| 10.0 		| 2.0
0.0302528873833 	| 10.0 		| 2.0 		| 0.0 		| 9.0
0.0327099583011 	| 6.0 		| 1.0 		| 10.0 		| 9.0
0.0327992015372 	| 3.0 		| 10.0 		| 9.0 		| 8.0
0.034627687971 	| 10.0 		| 9.0 		| 1.0 		| 4.0


Corrida No. 29
0.0285424348497 	| 1.0 		| 7.0 		| 10.0 		| 10.0
0.0307303505197 	| 1.0 		| 4.0 		| 10.0 		| 10.0
0.0309042764004 	| 1.0 		| 1.0 		| 9.0 		| 10.0
0.0309157293659 	| 9.0 		| 0.0 		| 10.0 		| 4.0
0.0309551590118 	| 6.0 		| 2.0 		| 10.0 		| 10.0


Corrida No. 30
0.0231529499021 	| 10.0 		| 10.0 		| 10.0 		| 2.0
0.0270489220122 	| 9.0 		| 10.0 		| 3.0 		| 10.0
0.029581127416 	| 9.0 		| 4.0 		| 9.0 		| 10.0
0.0353535202503 	| 3.0 		| 7.0 		| 9.0 		| 10.0
0.0358994660585 	| 9.0 		| 4.0 		| 10.0 		| 2.0


